3elt.gra;4787209;4787209;2.21947;1;
airfoil1.gra;3601401;3601221;1.75682;1;
basic.gra;6;6;0.000175;1;
bintree10.gra;194724;194603;0.036434;1;
c1y.gra;343175;343175;0.054142;1;
c2y.gra;449989;449812;0.076995;1;
c3y.gra;836479;836479;0.140401;1;
c4y.gra;813535;813388;0.148523;1;
c5y.gra;619192;619192;0.114524;1;
gd95c.gra;1116;1105;0.000667;1;
gd96a.gra;533631;532188;0.073684;1;
gd96b.gra;2289;2165;0.001128;1;
gd96c.gra;2513;2430;0.000608;1;
gd96d.gra;8972;8649;0.002419;1;
hc10.gra;535158;530588;0.132835;1;
mesh33x33.gra;65631;65443;0.060649;1;
randomA1.gra;1306468;1305234;0.162014;1;
randomA2.gra;1429383;1428321;0.647034;1;
randomA3.gra;1429611;1429009;1.25953;1;
randomA4.gra;1288231;1288231;0.241713;1;
randomG4.gra;916601;916601;0.233231;1;
small.gra;16;11;0.000179;1;
whitaker3.gra;17454149;17452156;9.28283;1;
3elt.gra;4156849;3877329;22.0293;10;
airfoil1.gra;3318084;3057475;17.4812;10;
basic.gra;6;6;0.000472;10;
bintree10.gra;193066;193065;0.306773;10;
c1y.gra;340763;332182;0.511405;10;
c2y.gra;453839;447145;0.711869;10;
c3y.gra;836205;793047;1.29985;10;
c4y.gra;825035;798231;1.37632;10;
c5y.gra;720035;632452;1.0798;10;
gd95c.gra;1511;890;0.003538;10;
gd96a.gra;397372;393214;0.718451;10;
gd96b.gra;2349;1699;0.007457;10;
gd96c.gra;1677;1569;0.00332;10;
gd96d.gra;6823;6807;0.015769;10;
hc10.gra;543256;477588;1.22927;10;
mesh33x33.gra;84260;66642;0.573158;10;
randomA1.gra;1272584;814803;1.5156;10;
randomA2.gra;1411316;1298851;6.26765;10;
randomA3.gra;1459795;1357042;12.1693;10;
randomA4.gra;1271958;1217344;2.31975;10;
randomG4.gra;1160123;927320;2.23164;10;
small.gra;11;11;0.000492;10;
whitaker3.gra;18184973;17158378;92.5175;10;
3elt.gra;5702628;1193735;110.529;50;
airfoil1.gra;3593466;414318;86.6991;50;
basic.gra;6;6;0.00175;50;
bintree10.gra;194142;193252;1.52519;50;
c1y.gra;342780;325939;2.49124;50;
c2y.gra;453433;443466;3.57346;50;
c3y.gra;827193;766894;6.6858;50;
c4y.gra;952122;755514;6.96545;50;
c5y.gra;647134;631144;5.39021;50;
gd95c.gra;888;856;0.016357;50;
gd96a.gra;405553;386007;3.5462;50;
gd96b.gra;1985;1664;0.035824;50;
gd96c.gra;1707;1576;0.015303;50;
gd96d.gra;7071;6660;0.07695;50;
hc10.gra;524562;488494;6.07751;50;
mesh33x33.gra;66104;65432;2.84961;50;
randomA1.gra;1142567;1067243;7.66225;50;
randomA2.gra;1410965;1310191;31.3203;50;
randomA3.gra;1394656;1380856;60.8588;50;
randomA4.gra;1477947;1188052;11.5676;50;
randomG4.gra;1102577;817712;11.105;50;
small.gra;12;11;0.001889;50;
whitaker3.gra;17665788;9913233;461.19;50;
3elt.gra;5766390;1184832;219.789;100;
airfoil1.gra;3406280;426295;173.641;100;
basic.gra;6;6;0.003449;100;
bintree10.gra;194358;192175;3.05309;100;
c1y.gra;344913;324178;4.98778;100;
c2y.gra;447692;424932;7.07789;100;
c3y.gra;803532;763041;13.2385;100;
c4y.gra;815336;768432;13.86;100;
c5y.gra;659481;611834;10.6913;100;
gd95c.gra;964;856;0.032175;100;
gd96a.gra;531586;389176;7.09964;100;
gd96b.gra;2262;1687;0.070567;100;
gd96c.gra;2375;1426;0.030331;100;
gd96d.gra;7744;6892;0.152218;100;
hc10.gra;504672;470504;12.1554;100;
mesh33x33.gra;83358;56260;5.69831;100;
randomA1.gra;1163496;809611;15.2546;100;
randomA2.gra;1379067;1293458;62.1464;100;
randomA3.gra;1407151;1348876;120.857;100;
randomA4.gra;1258720;1195314;23.1634;100;
randomG4.gra;1148389;840924;22.1711;100;
small.gra;16;11;0.003471;100;
whitaker3.gra;18560984;9928419;922.579;100;
3elt.gra;4846072;1188081;439.48;200;
airfoil1.gra;3395058;420120;346.176;200;
basic.gra;6;6;0.007488;200;
bintree10.gra;196586;192177;6.09328;200;
c1y.gra;339543;317218;9.95821;200;
c2y.gra;520155;421495;14.2749;200;
c3y.gra;820734;758211;26.4809;200;
c4y.gra;817132;753476;27.7757;200;
c5y.gra;717686;615743;21.4259;200;
gd95c.gra;867;856;0.063855;200;
gd96a.gra;405344;386294;14.147;200;
gd96b.gra;2315;1612;0.143483;200;
gd96c.gra;1895;1453;0.061169;200;
gd96d.gra;8972;6610;0.305096;200;
hc10.gra;530934;469634;24.3239;200;
mesh33x33.gra;78744;55272;11.3715;200;
randomA1.gra;1138170;809756;30.5854;200;
randomA2.gra;1396751;1286415;124.857;200;
randomA3.gra;1463317;1348764;241.927;200;
randomA4.gra;1244376;1155875;46.2234;200;
randomG4.gra;1172973;808924;44.3481;200;
small.gra;14;11;0.006717;200;
whitaker3.gra;17344566;9935879;1843.48;200;
3elt.gra;4417355;4417355;2.22544;1;
airfoil1.gra;3511453;3511452;1.75616;1;
basic.gra;6;6;0.000168;1;
bintree10.gra;195840;195331;0.032551;1;
c1y.gra;334701;334701;0.054129;1;
c2y.gra;433471;432920;0.077398;1;
c3y.gra;816099;816099;0.140042;1;
c4y.gra;952584;899124;0.134793;1;
c5y.gra;673306;673306;0.113645;1;
gd95c.gra;1474;1450;0.000654;1;
gd96a.gra;535525;533529;0.072431;1;
gd96b.gra;2331;2207;0.00112;1;
gd96c.gra;1893;1893;0.000615;1;
gd96d.gra;8963;8640;0.002028;1;
hc10.gra;528794;524216;0.132906;1;
mesh33x33.gra;70119;69931;0.061932;1;
randomA1.gra;1161316;1159737;0.159854;1;
randomA2.gra;1430767;1430612;0.64912;1;
randomA3.gra;1405452;1392988;1.25333;1;
randomA4.gra;1246125;1246125;0.24204;1;
randomG4.gra;1123940;1123744;0.232635;1;
small.gra;14;14;0.000178;1;
whitaker3.gra;18262594;18262594;9.25122;1;
3elt.gra;5064660;1197771;29.1478;10;
airfoil1.gra;3492797;2960030;17.4451;10;
basic.gra;6;6;0.000463;10;
bintree10.gra;195840;193065;0.306915;10;
c1y.gra;344120;333724;0.505626;10;
c2y.gra;451550;434733;0.716099;10;
c3y.gra;828257;817581;1.33352;10;
c4y.gra;950248;788149;1.39153;10;
c5y.gra;661643;644664;1.06181;10;
gd95c.gra;1111;908;0.003541;10;
gd96a.gra;533699;393519;0.712198;10;
gd96b.gra;2259;2124;0.007423;10;
gd96c.gra;2405;1760;0.003298;10;
gd96d.gra;9186;6960;0.015763;10;
hc10.gra;548486;470578;1.22643;10;
mesh33x33.gra;66258;66070;0.571896;10;
randomA1.gra;1207695;1119448;1.54096;10;
randomA2.gra;1360912;1327002;6.26552;10;
randomA3.gra;1350648;1350600;12.0913;10;
randomA4.gra;1380755;1177194;2.32194;10;
randomG4.gra;1164815;978376;2.21522;10;
small.gra;14;11;0.000471;10;
whitaker3.gra;18286367;17552544;92.4051;10;
3elt.gra;4485221;4010279;109.984;50;
airfoil1.gra;3379167;433279;86.6109;50;
basic.gra;6;6;0.001862;50;
bintree10.gra;195851;193243;1.52568;50;
c1y.gra;330996;323774;2.50527;50;
c2y.gra;448667;440966;3.53918;50;
c3y.gra;831749;782987;6.60861;50;
c4y.gra;951136;766207;7.01028;50;
c5y.gra;667096;641001;5.36928;50;
gd95c.gra;1314;851;0.016215;50;
gd96a.gra;532005;391230;3.56106;50;
gd96b.gra;2227;1681;0.035508;50;
gd96c.gra;1646;1455;0.015327;50;
gd96d.gra;7200;6745;0.0771;50;
hc10.gra;499318;497796;6.10383;50;
mesh33x33.gra;84965;57135;2.84518;50;
randomA1.gra;1236017;1104940;7.67556;50;
randomA2.gra;1396472;1321516;31.2463;50;
randomA3.gra;1391872;1360724;60.4995;50;
randomA4.gra;1200874;1181693;11.5273;50;
randomG4.gra;981653;849742;11.1004;50;
small.gra;14;11;0.0019;50;
whitaker3.gra;17959951;9960401;460.507;50;
3elt.gra;4228608;1211009;219.412;100;
airfoil1.gra;3290787;417935;172.949;100;
basic.gra;6;6;0.003467;100;
bintree10.gra;194966;192604;3.0467;100;
c1y.gra;339247;317677;4.97132;100;
c2y.gra;453697;432846;7.10405;100;
c3y.gra;821457;775017;13.1966;100;
c4y.gra;819748;763418;13.9268;100;
c5y.gra;656946;607293;10.7395;100;
gd95c.gra;1191;856;0.032404;100;
gd96a.gra;534593;385170;7.11559;100;
gd96b.gra;2289;1681;0.070493;100;
gd96c.gra;1898;1428;0.030092;100;
gd96d.gra;9084;6775;0.153134;100;
hc10.gra;546640;470660;12.1729;100;
mesh33x33.gra;67138;62482;5.69262;100;
randomA1.gra;1158189;811368;15.2548;100;
randomA2.gra;1540192;1304677;62.2448;100;
randomA3.gra;1422334;1364999;120.913;100;
randomA4.gra;1255146;1193927;23.1806;100;
randomG4.gra;1111852;814461;22.1734;100;
small.gra;16;11;0.003523;100;
whitaker3.gra;19993830;9908491;922.092;100;
3elt.gra;4353930;1188880;440.254;200;
airfoil1.gra;4182386;423882;346.528;200;
basic.gra;6;6;0.00656;200;
bintree10.gra;194434;191028;6.08895;200;
c1y.gra;361402;314403;9.94538;200;
c2y.gra;522853;428477;14.2187;200;
c3y.gra;816797;775155;26.4296;200;
c4y.gra;793202;753210;27.7171;200;
c5y.gra;634940;608481;21.4681;200;
gd95c.gra;950;855;0.064052;200;
gd96a.gra;404021;385476;14.1961;200;
gd96b.gra;2349;1669;0.14412;200;
gd96c.gra;1758;1434;0.061143;200;
gd96d.gra;8888;6564;0.305155;200;
hc10.gra;503588;470480;24.3847;200;
mesh33x33.gra;87661;56201;11.3762;200;
randomA1.gra;1166092;1071367;30.6766;200;
randomA2.gra;1386758;1289383;124.903;200;
randomA3.gra;1477079;1337377;240.841;200;
randomA4.gra;1335245;1173612;46.151;200;
randomG4.gra;1175247;812385;44.3326;200;
small.gra;13;11;0.008407;200;
whitaker3.gra;18501068;9932169;1844.82;200;
3elt.gra;4496046;4496046;2.22344;1;
airfoil1.gra;3017779;3017779;1.76698;1;
basic.gra;6;6;0.000173;1;
bintree10.gra;195840;195331;0.034707;1;
c1y.gra;343491;343491;0.054377;1;
c2y.gra;442099;441992;0.076679;1;
c3y.gra;835033;832080;0.130478;1;
c4y.gra;806366;806366;0.150729;1;
c5y.gra;667877;667877;0.116282;1;
gd95c.gra;1068;1068;0.00066;1;
gd96a.gra;406504;400524;0.075541;1;
gd96b.gra;2405;2281;0.001117;1;
gd96c.gra;1914;1914;0.000609;1;
gd96d.gra;8957;8546;0.002401;1;
hc10.gra;484574;484328;0.132087;1;
mesh33x33.gra;82243;82055;0.060635;1;
randomA1.gra;1178259;1178259;0.160623;1;
randomA2.gra;1355358;1348228;0.646683;1;
randomA3.gra;1373293;1373034;1.24836;1;
randomA4.gra;1273509;1273441;0.241663;1;
randomG4.gra;1034962;1034946;0.233913;1;
small.gra;13;11;0.00018;1;
whitaker3.gra;18023174;18014496;9.3161;1;
3elt.gra;4455534;4249768;22.1104;10;
airfoil1.gra;2955747;2955746;17.3576;10;
basic.gra;6;6;0.000462;10;
bintree10.gra;193916;192222;0.30673;10;
c1y.gra;340852;327441;0.503567;10;
c2y.gra;451601;445732;0.70628;10;
c3y.gra;816851;790320;1.31964;10;
c4y.gra;825656;753692;1.41517;10;
c5y.gra;666284;639542;1.08805;10;
gd95c.gra;981;874;0.003521;10;
gd96a.gra;403036;398099;0.71873;10;
gd96b.gra;2314;2030;0.007433;10;
gd96c.gra;1925;1625;0.003324;10;
gd96d.gra;9091;6876;0.015814;10;
hc10.gra;538846;504002;1.22573;10;
mesh33x33.gra;79324;66565;0.573384;10;
randomA1.gra;1209962;1096028;1.53123;10;
randomA2.gra;1341398;1340006;6.26281;10;
randomA3.gra;1427514;1383431;12.1439;10;
randomA4.gra;1423067;1183145;2.32656;10;
randomG4.gra;950254;849280;2.2278;10;
small.gra;12;11;0.000479;10;
whitaker3.gra;17878929;17871780;92.3593;10;
3elt.gra;4666186;1187458;109.297;50;
airfoil1.gra;3630196;421190;87.1006;50;
basic.gra;6;6;0.001729;50;
bintree10.gra;196159;193154;1.52962;50;
c1y.gra;338826;331532;2.49204;50;
c2y.gra;521756;429577;3.57292;50;
c3y.gra;826565;766241;6.56949;50;
c4y.gra;792199;765801;6.94491;50;
c5y.gra;659619;622483;5.37355;50;
gd95c.gra;1211;851;0.018158;50;
gd96a.gra;536513;394412;3.53536;50;
gd96b.gra;2314;1679;0.035491;50;
gd96c.gra;1714;1575;0.015273;50;
gd96d.gra;7406;6676;0.077265;50;
hc10.gra;530666;488366;6.07619;50;
mesh33x33.gra;80708;65542;2.84715;50;
randomA1.gra;1222765;1089147;7.64898;50;
randomA2.gra;1370822;1313742;31.195;50;
randomA3.gra;1467007;1362831;60.3236;50;
randomA4.gra;1234573;1164790;11.5239;50;
randomG4.gra;1055151;818724;11.0876;50;
small.gra;11;11;0.001805;50;
whitaker3.gra;19183160;9977917;459.332;50;
3elt.gra;4085933;1183170;219.098;100;
airfoil1.gra;3413745;421764;172.848;100;
basic.gra;6;6;0.003532;100;
bintree10.gra;195840;191024;3.04658;100;
c1y.gra;338773;319904;4.98339;100;
c2y.gra;454164;439199;7.10052;100;
c3y.gra;829171;765222;13.2205;100;
c4y.gra;950231;743248;13.9078;100;
c5y.gra;663079;637174;10.6579;100;
gd95c.gra;930;856;0.032173;100;
gd96a.gra;533487;389069;7.10824;100;
gd96b.gra;1728;1660;0.103178;100;
gd96c.gra;2384;1485;0.041002;100;
gd96d.gra;8881;6636;0.153127;100;
hc10.gra;538676;497734;12.2054;100;
mesh33x33.gra;65257;62482;5.68854;100;
randomA1.gra;1257244;1090724;15.3112;100;
randomA2.gra;1345282;1281826;62.5168;100;
randomA3.gra;1415925;1346822;120.948;100;
randomA4.gra;1199637;1167993;23.1084;100;
randomG4.gra;840920;840920;22.1317;100;
small.gra;12;11;0.003603;100;
whitaker3.gra;18564040;9928417;923.646;100;
3elt.gra;5538929;1189031;439.801;200;
airfoil1.gra;4383820;414331;346.265;200;
basic.gra;6;6;0.006533;200;
bintree10.gra;196047;191107;6.08905;200;
c1y.gra;363073;315580;9.95307;200;
c2y.gra;456582;423052;14.2148;200;
c3y.gra;837216;770973;26.4489;200;
c4y.gra;951873;751195;27.781;200;
c5y.gra;717167;628555;21.372;200;
gd95c.gra;886;855;0.063754;200;
gd96a.gra;410534;386718;14.2119;200;
gd96b.gra;2227;1663;0.140438;200;
gd96c.gra;1933;1449;0.061039;200;
gd96d.gra;7391;6628;0.305709;200;
hc10.gra;537082;477454;24.2546;200;
mesh33x33.gra;63547;55114;11.3944;200;
randomA1.gra;1169790;810115;30.5596;200;
randomA2.gra;1420806;1281835;125.037;200;
randomA3.gra;1509639;1335129;241.633;200;
randomA4.gra;1261354;1150117;46.182;200;
randomG4.gra;1054067;803993;44.3518;200;
small.gra;14;11;0.006692;200;
whitaker3.gra;18039226;9891673;1847.51;200;
3elt.gra;4323384;4323384;2.22526;1;
airfoil1.gra;3242709;3242708;1.74982;1;
basic.gra;6;6;0.00017;1;
bintree10.gra;194018;193603;0.03386;1;
c1y.gra;333784;333784;0.054344;1;
c2y.gra;454684;454463;0.076704;1;
c3y.gra;811519;811519;0.140271;1;
c4y.gra;810325;810325;0.147996;1;
c5y.gra;657928;657928;0.113946;1;
gd95c.gra;1020;1020;0.000657;1;
gd96a.gra;402351;396491;0.076379;1;
gd96b.gra;1954;1954;0.001107;1;
gd96c.gra;1635;1635;0.000613;1;
gd96d.gra;7348;7208;0.002068;1;
hc10.gra;543460;541938;0.131385;1;
mesh33x33.gra;62483;62482;0.060722;1;
randomA1.gra;1129482;1128320;0.158711;1;
randomA2.gra;1398005;1397925;0.650576;1;
randomA3.gra;1415892;1415268;1.24904;1;
randomA4.gra;1267632;1267632;0.240847;1;
randomG4.gra;1193540;1192680;0.233496;1;
small.gra;16;11;0.000179;1;
whitaker3.gra;18490745;18481057;9.23166;1;
3elt.gra;5126725;4173327;22.0936;10;
airfoil1.gra;3323587;3033879;17.4812;10;
basic.gra;6;6;0.000463;10;
bintree10.gra;196406;194078;0.308008;10;
c1y.gra;342929;332720;0.506546;10;
c2y.gra;522244;435737;0.704692;10;
c3y.gra;830181;769653;1.32203;10;
c4y.gra;809984;778599;1.40753;10;
c5y.gra;636037;607321;1.08265;10;
gd95c.gra;1234;856;0.003536;10;
gd96a.gra;407536;391582;0.721218;10;
gd96b.gra;2379;1628;0.007955;10;
gd96c.gra;1686;1557;0.003697;10;
gd96d.gra;9148;6806;0.015761;10;
hc10.gra;529248;497748;1.22454;10;
mesh33x33.gra;83544;66873;0.575749;10;
randomA1.gra;1190900;1104615;1.5428;10;
randomA2.gra;1430219;1358652;6.30296;10;
randomA3.gra;1418922;1379453;12.1436;10;
randomA4.gra;1288957;1217975;2.32626;10;
randomG4.gra;1122373;869852;2.22814;10;
small.gra;16;11;0.000494;10;
whitaker3.gra;18487686;17347084;92.1066;10;
3elt.gra;4679157;1183519;109.804;50;
airfoil1.gra;3408012;427255;86.5674;50;
basic.gra;6;6;0.001789;50;
bintree10.gra;196123;192029;1.52247;50;
c1y.gra;364599;324266;3.37236;50;
c2y.gra;448689;433221;3.53532;50;
c3y.gra;836917;766331;6.60375;50;
c4y.gra;946157;761941;7.04124;50;
c5y.gra;670248;623981;5.37774;50;
gd95c.gra;1020;853;0.016281;50;
gd96a.gra;401098;386573;3.56637;50;
gd96b.gra;2096;1668;0.038235;50;
gd96c.gra;1629;1459;0.015344;50;
gd96d.gra;9042;6749;0.077186;50;
hc10.gra;501916;499942;6.0715;50;
mesh33x33.gra;66038;57556;2.84397;50;
randomA1.gra;1140359;809611;7.60973;50;
randomA2.gra;1464601;1289922;31.1671;50;
randomA3.gra;1447616;1371308;60.4057;50;
randomA4.gra;1454652;1181423;11.5558;50;
randomG4.gra;1153511;843133;11.101;50;
small.gra;11;11;0.001836;50;
whitaker3.gra;19098641;9964483;461.581;50;
3elt.gra;5257882;1197380;219.163;100;
airfoil1.gra;4721609;423691;174.298;100;
basic.gra;6;6;0.003265;100;
bintree10.gra;195777;193211;3.04589;100;
c1y.gra;363757;316140;4.98163;100;
c2y.gra;523639;424959;7.15261;100;
c3y.gra;814925;774888;13.1631;100;
c4y.gra;950955;766237;13.794;100;
c5y.gra;673721;618194;10.7251;100;
gd95c.gra;1088;857;0.032257;100;
gd96a.gra;533511;387757;7.09659;100;
gd96b.gra;2248;1642;0.071107;100;
gd96c.gra;1893;1439;0.030163;100;
gd96d.gra;8974;6720;0.153714;100;
hc10.gra;532234;470790;12.1504;100;
mesh33x33.gra;77202;64981;5.69583;100;
randomA1.gra;1237101;1088638;15.3246;100;
randomA2.gra;1442886;1316948;62.5126;100;
randomA3.gra;1445554;1358436;120.826;100;
randomA4.gra;1627021;1148199;23.1112;100;
randomG4.gra;995907;876232;22.1842;100;
small.gra;14;11;0.003593;100;
whitaker3.gra;17266331;9951335;922.049;100;
3elt.gra;5952029;1181241;439.5;200;
airfoil1.gra;3463241;439660;348.344;200;
basic.gra;6;6;0.006548;200;
bintree10.gra;197252;191291;6.09763;200;
c1y.gra;344293;321600;9.97906;200;
c2y.gra;522025;432285;14.2271;200;
c3y.gra;827735;760326;26.4599;200;
c4y.gra;815949;753774;27.8014;200;
c5y.gra;659419;607562;21.3903;200;
gd95c.gra;950;850;0.064077;200;
gd96a.gra;406983;384546;14.1912;200;
gd96b.gra;2204;1631;0.14067;200;
gd96c.gra;1929;1427;0.061773;200;
gd96d.gra;7306;6787;0.304084;200;
hc10.gra;529904;469350;24.3614;200;
mesh33x33.gra;87297;56419;11.3744;200;
randomA1.gra;1248687;809756;30.5286;200;
randomA2.gra;1409485;1296017;125.119;200;
randomA3.gra;1446744;1347915;241.54;200;
randomA4.gra;1191068;1179078;46.1614;200;
randomG4.gra;1157115;838735;44.3513;200;
small.gra;14;11;0.006687;200;
whitaker3.gra;17399041;9934537;1841.1;200;
3elt.gra;5412112;5412112;2.22293;1;
airfoil1.gra;3219328;3219328;1.75559;1;
basic.gra;6;6;0.00017;1;
bintree10.gra;193716;193333;0.033935;1;
c1y.gra;342354;342354;0.055174;1;
c2y.gra;452088;451736;0.076804;1;
c3y.gra;829922;829922;0.140216;1;
c4y.gra;799153;799153;0.148938;1;
c5y.gra;676432;676432;0.116287;1;
gd95c.gra;883;872;0.000657;1;
gd96a.gra;403643;399751;0.075513;1;
gd96b.gra;2227;2103;0.001119;1;
gd96c.gra;1828;1828;0.000606;1;
gd96d.gra;6822;6818;0.003011;1;
hc10.gra;530272;525724;0.131354;1;
mesh33x33.gra;65779;65778;0.060684;1;
randomA1.gra;1165706;1165706;0.160393;1;
randomA2.gra;1320049;1318262;0.646962;1;
randomA3.gra;1412522;1412522;1.25233;1;
randomA4.gra;1317724;1317724;0.242702;1;
randomG4.gra;1081986;1081986;0.233494;1;
small.gra;14;14;0.000178;1;
whitaker3.gra;18796531;18783023;9.32317;1;
3elt.gra;5941719;4082871;21.9632;10;
airfoil1.gra;3754040;2995678;17.34;10;
basic.gra;6;6;0.000461;10;
bintree10.gra;195840;193236;0.310122;10;
c1y.gra;337449;335811;0.488094;10;
c2y.gra;447759;435678;0.732062;10;
c3y.gra;816842;788805;1.33849;10;
c4y.gra;819522;760329;1.39192;10;
c5y.gra;649164;641944;1.07572;10;
gd95c.gra;1114;878;0.003561;10;
gd96a.gra;398680;392996;0.710286;10;
gd96b.gra;2305;1850;0.008195;10;
gd96c.gra;1726;1726;0.003976;10;
gd96d.gra;9237;7221;0.01589;10;
hc10.gra;535644;502544;1.22098;10;
mesh33x33.gra;79728;66521;0.572428;10;
randomA1.gra;1389118;1154669;1.5354;10;
randomA2.gra;1366093;1342039;6.27748;10;
randomA3.gra;1415858;1367407;12.1455;10;
randomA4.gra;1290826;1226073;2.31772;10;
randomG4.gra;1183966;927767;2.22677;10;
small.gra;13;11;0.000501;10;
whitaker3.gra;17961353;10120745;91.8101;10;
3elt.gra;4862881;1204859;109.985;50;
airfoil1.gra;3587189;448839;86.5896;50;
basic.gra;6;6;0.001761;50;
bintree10.gra;195840;191111;1.52473;50;
c1y.gra;342246;310436;2.49127;50;
c2y.gra;447014;425781;3.57241;50;
c3y.gra;812433;758418;6.59941;50;
c4y.gra;947978;754910;6.98011;50;
c5y.gra;655470;609128;5.329;50;
gd95c.gra;1035;859;0.016285;50;
gd96a.gra;532322;386036;3.5536;50;
gd96b.gra;1825;1711;0.035532;50;
gd96c.gra;1913;1563;0.015359;50;
gd96d.gra;9294;6817;0.076771;50;
hc10.gra;509078;499362;6.07189;50;
mesh33x33.gra;78146;59054;2.85087;50;
randomA1.gra;1189750;1081775;7.64336;50;
randomA2.gra;1329042;1318542;31.3524;50;
randomA3.gra;1461485;1370047;60.4595;50;
randomA4.gra;1363021;1171311;11.543;50;
randomG4.gra;975699;902538;11.0794;50;
small.gra;14;11;0.001848;50;
whitaker3.gra;18633327;9932365;460.539;50;
3elt.gra;3925228;1188081;219.209;100;
airfoil1.gra;3114556;416254;172.899;100;
basic.gra;6;6;0.003476;100;
bintree10.gra;195757;191812;3.04852;100;
c1y.gra;344459;315998;4.99449;100;
c2y.gra;452415;434769;7.1099;100;
c3y.gra;837412;771511;13.2376;100;
c4y.gra;819832;751691;13.8649;100;
c5y.gra;720767;620750;10.7242;100;
gd95c.gra;1228;853;0.032026;100;
gd96a.gra;537148;392820;7.08718;100;
gd96b.gra;2375;1697;0.070556;100;
gd96c.gra;1695;1439;0.030503;100;
gd96d.gra;8986;6803;0.153598;100;
hc10.gra;540606;470484;12.1542;100;
mesh33x33.gra;66742;54852;5.69175;100;
randomA1.gra;1235549;1095690;15.3433;100;
randomA2.gra;1413550;1291566;62.3238;100;
randomA3.gra;1404918;1348565;120.912;100;
randomA4.gra;2018387;1193756;23.0384;100;
randomG4.gra;1076013;853708;22.1431;100;
small.gra;13;11;0.003345;100;
whitaker3.gra;19900935;9900747;922.427;100;
3elt.gra;4378469;1202297;439.804;200;
airfoil1.gra;3865194;414738;343.898;200;
basic.gra;6;6;0.007051;200;
bintree10.gra;195840;192323;6.08222;200;
c1y.gra;339374;311476;9.94833;200;
c2y.gra;456925;420775;14.2308;200;
c3y.gra;805082;761739;26.4219;200;
c4y.gra;947566;749273;27.9309;200;
c5y.gra;661064;615803;21.3227;200;
gd95c.gra;1226;850;0.064025;200;
gd96a.gra;411382;384931;14.1566;200;
gd96b.gra;2328;1612;0.140618;200;
gd96c.gra;2423;1440;0.059885;200;
gd96d.gra;8907;6737;0.308139;200;
hc10.gra;532480;477554;24.2484;200;
mesh33x33.gra;85398;54670;11.3789;200;
randomA1.gra;1240895;810115;30.5838;200;
randomA2.gra;1354712;1287287;124.643;200;
randomA3.gra;1500464;1357861;241.877;200;
randomA4.gra;1352850;1163084;46.246;200;
randomG4.gra;1156320;841920;44.4471;200;
small.gra;16;11;0.006742;200;
whitaker3.gra;18154403;9923578;1835.64;200;
3elt.gra;5897796;5897796;2.21266;1;
airfoil1.gra;3112980;3112980;1.76153;1;
basic.gra;6;6;0.000169;1;
bintree10.gra;194894;194741;0.035224;1;
c1y.gra;334458;334458;0.054167;1;
c2y.gra;453122;453080;0.076469;1;
c3y.gra;812989;812989;0.140715;1;
c4y.gra;760087;760087;0.149138;1;
c5y.gra;665861;665861;0.11533;1;
gd95c.gra;1188;1147;0.000663;1;
gd96a.gra;534157;532153;0.073251;1;
gd96b.gra;1831;1831;0.001124;1;
gd96c.gra;1735;1735;0.000619;1;
gd96d.gra;6802;6786;0.002079;1;
hc10.gra;525174;520594;0.13208;1;
mesh33x33.gra;79744;79556;0.063397;1;
randomA1.gra;1188745;1188278;0.159348;1;
randomA2.gra;1381480;1379282;0.647988;1;
randomA3.gra;1462932;1462514;1.26328;1;
randomA4.gra;1245938;1245938;0.241981;1;
randomG4.gra;1041729;1041534;0.234196;1;
small.gra;13;11;0.000179;1;
whitaker3.gra;18029086;18023663;9.28207;1;
3elt.gra;5315227;3906946;22.0537;10;
airfoil1.gra;4827831;3081149;17.3419;10;
basic.gra;6;6;0.000485;10;
bintree10.gra;193638;193261;0.305786;10;
c1y.gra;363213;329013;0.504189;10;
c2y.gra;451235;445863;0.726135;10;
c3y.gra;835077;785601;1.33555;10;
c4y.gra;821420;760678;1.40036;10;
c5y.gra;669703;639016;1.07239;10;
gd95c.gra;1285;906;0.003495;10;
gd96a.gra;401649;397473;0.712326;10;
gd96b.gra;2227;1756;0.007509;10;
gd96c.gra;1839;1620;0.003334;10;
gd96d.gra;9132;6697;0.015814;10;
hc10.gra;530344;512218;1.22263;10;
mesh33x33.gra;67619;66356;0.571843;10;
randomA1.gra;1206778;1118275;1.53875;10;
randomA2.gra;1354162;1287253;6.26241;10;
randomA3.gra;1460141;1359433;12.0973;10;
randomA4.gra;1282489;1207616;2.32154;10;
randomG4.gra;940842;888805;2.22709;10;
small.gra;12;11;0.000485;10;
whitaker3.gra;18581303;17500478;92.3319;10;
3elt.gra;3984621;1181519;109.679;50;
airfoil1.gra;3561741;3027845;86.9425;50;
basic.gra;6;6;0.001693;50;
bintree10.gra;195646;191026;1.52472;50;
c1y.gra;342510;330657;2.53193;50;
c2y.gra;457544;436177;3.56602;50;
c3y.gra;836917;768700;6.60381;50;
c4y.gra;952772;758738;6.94953;50;
c5y.gra;667334;614825;5.31512;50;
gd95c.gra;1070;850;0.016373;50;
gd96a.gra;403643;388322;3.53924;50;
gd96b.gra;2270;1666;0.035454;50;
gd96c.gra;1929;1452;0.01531;50;
gd96d.gra;8964;6827;0.076615;50;
hc10.gra;537576;491906;6.08982;50;
mesh33x33.gra;82856;54848;2.84627;50;
randomA1.gra;1335634;809756;7.62582;50;
randomA2.gra;1356144;1312447;31.2319;50;
randomA3.gra;1402817;1365515;60.3006;50;
randomA4.gra;1313741;1171931;11.548;50;
randomG4.gra;941788;881483;11.0781;50;
small.gra;12;11;0.0018;50;
whitaker3.gra;18252042;9964485;461.097;50;
3elt.gra;5258904;1190164;220.553;100;
airfoil1.gra;3579148;426238;172.48;100;
basic.gra;6;6;0.00369;100;
bintree10.gra;195840;191914;3.04887;100;
c1y.gra;336858;318121;4.99193;100;
c2y.gra;457917;431920;7.07952;100;
c3y.gra;814314;767017;13.2292;100;
c4y.gra;779908;765457;13.9009;100;
c5y.gra;670358;627837;10.7008;100;
gd95c.gra;1001;848;0.032112;100;
gd96a.gra;406138;387261;7.12317;100;
gd96b.gra;2161;1681;0.071265;100;
gd96c.gra;2436;1432;0.030223;100;
gd96d.gra;8934;6606;0.153384;100;
hc10.gra;545394;469560;12.1369;100;
mesh33x33.gra;80256;55398;5.69098;100;
randomA1.gra;1268463;1059960;15.3492;100;
randomA2.gra;1332161;1302171;62.3377;100;
randomA3.gra;1433791;1356302;121.025;100;
randomA4.gra;1244440;1172407;23.065;100;
randomG4.gra;1016487;868864;22.1732;100;
small.gra;16;11;0.003541;100;
whitaker3.gra;18314668;9918074;924.284;100;
3elt.gra;4390874;1194441;440.827;200;
airfoil1.gra;3386980;423691;345.57;200;
basic.gra;6;6;0.006414;200;
bintree10.gra;193965;191105;6.08774;200;
c1y.gra;348174;316597;9.98632;200;
c2y.gra;453993;432089;14.3183;200;
c3y.gra;835667;758849;26.5418;200;
c4y.gra;790357;744775;27.7708;200;
c5y.gra;718967;606955;21.4129;200;
gd95c.gra;1094;858;0.064056;200;
gd96a.gra;405146;385273;14.2091;200;
gd96b.gra;2331;1662;0.143223;200;
gd96c.gra;1753;1449;0.060854;200;
gd96d.gra;9007;6670;0.306007;200;
hc10.gra;529478;470594;24.2798;200;
mesh33x33.gra;68678;54690;11.3838;200;
randomA1.gra;1104112;1075546;30.5727;200;
randomA2.gra;1430827;1294251;124.774;200;
randomA3.gra;1426830;1345326;241.76;200;
randomA4.gra;1276987;1185025;46.1142;200;
randomG4.gra;1130164;808117;44.367;200;
small.gra;16;11;0.007797;200;
whitaker3.gra;18454014;9929476;1844.18;200;
3elt.gra;4928999;4928999;2.21068;1;
airfoil1.gra;3130204;3130203;1.74919;1;
basic.gra;6;6;0.000187;1;
bintree10.gra;195627;195116;0.032623;1;
c1y.gra;334219;334219;0.054285;1;
c2y.gra;448730;448619;0.076678;1;
c3y.gra;836023;833104;0.130413;1;
c4y.gra;831431;831431;0.15071;1;
c5y.gra;666527;666527;0.114286;1;
gd95c.gra;996;983;0.000686;1;
gd96a.gra;405584;405376;0.07562;1;
gd96b.gra;1759;1722;0.00113;1;
gd96c.gra;1717;1717;0.000614;1;
gd96d.gra;7506;7308;0.002075;1;
hc10.gra;517168;515802;0.13202;1;
mesh33x33.gra;85345;85157;0.060704;1;
randomA1.gra;1196647;1196647;0.159166;1;
randomA2.gra;1391859;1388689;0.646659;1;
randomA3.gra;1404509;1404222;1.26293;1;
randomA4.gra;1610734;1610411;0.240157;1;
randomG4.gra;1134039;1134039;0.233637;1;
small.gra;11;11;0.00018;1;
whitaker3.gra;17465029;17464985;9.2883;1;
3elt.gra;4017727;3853392;22.0249;10;
airfoil1.gra;3520894;3069472;17.4776;10;
basic.gra;6;6;0.000479;10;
bintree10.gra;196143;193462;0.306877;10;
c1y.gra;333965;325646;0.505164;10;
c2y.gra;521778;445187;0.715052;10;
c3y.gra;818310;791012;1.34624;10;
c4y.gra;822681;794980;1.42055;10;
c5y.gra;664161;637818;1.08308;10;
gd95c.gra;1557;873;0.003485;10;
gd96a.gra;409713;393403;0.714834;10;
gd96b.gra;2489;1675;0.00802;10;
gd96c.gra;2330;1547;0.004189;10;
gd96d.gra;9231;6846;0.015925;10;
hc10.gra;543818;505860;1.22714;10;
mesh33x33.gra;84872;66895;0.573366;10;
randomA1.gra;1236463;1130923;1.53564;10;
randomA2.gra;1373464;1320472;6.27629;10;
randomA3.gra;1416291;1380849;12.1548;10;
randomA4.gra;1244194;1213768;2.32615;10;
randomG4.gra;1198584;889284;2.2353;10;
small.gra;14;11;0.000478;10;
whitaker3.gra;20155280;9932142;92.0333;10;
3elt.gra;5141099;1188081;109.74;50;
airfoil1.gra;3758939;429484;86.5742;50;
basic.gra;6;6;0.001863;50;
bintree10.gra;193758;193038;1.52313;50;
c1y.gra;362478;317104;2.50012;50;
c2y.gra;455748;439342;3.53063;50;
c3y.gra;834202;788094;6.6355;50;
c4y.gra;814613;754410;6.9962;50;
c5y.gra;722380;643813;5.33262;50;
gd95c.gra;931;856;0.016292;50;
gd96a.gra;408123;389140;3.57195;50;
gd96b.gra;1742;1689;0.036862;50;
gd96c.gra;1875;1454;0.015386;50;
gd96d.gra;9072;6691;0.077142;50;
hc10.gra;528914;487984;6.10063;50;
mesh33x33.gra;68865;57151;2.84717;50;
randomA1.gra;1197021;1078975;7.67322;50;
randomA2.gra;1314336;1310056;31.3394;50;
randomA3.gra;1434471;1357817;60.42;50;
randomA4.gra;1242139;1208480;11.5633;50;
randomG4.gra;858176;853190;11.0935;50;
small.gra;13;11;0.00178;50;
whitaker3.gra;19223584;17246515;460.657;50;
3elt.gra;4514318;1190164;219.126;100;
airfoil1.gra;3278468;421826;174.019;100;
basic.gra;6;6;0.003531;100;
bintree10.gra;195799;191028;3.04087;100;
c1y.gra;338087;322081;4.94831;100;
c2y.gra;519025;437566;7.16753;100;
c3y.gra;827281;769159;13.1779;100;
c4y.gra;819690;745382;13.9533;100;
c5y.gra;663506;618521;10.7267;100;
gd95c.gra;874;856;0.032101;100;
gd96a.gra;399807;385941;7.12163;100;
gd96b.gra;2489;1649;0.070895;100;
gd96c.gra;1820;1449;0.030131;100;
gd96d.gra;9012;6738;0.152885;100;
hc10.gra;556614;469700;12.1545;100;
mesh33x33.gra;67952;55918;5.68462;100;
randomA1.gra;1201873;814803;15.283;100;
randomA2.gra;1388955;1292592;62.4764;100;
randomA3.gra;1397052;1342850;120.715;100;
randomA4.gra;1346694;1184799;23.0379;100;
randomG4.gra;1190420;846827;22.1455;100;
small.gra;11;11;0.00333;100;
whitaker3.gra;18304295;9932475;921.502;100;
3elt.gra;4644038;1181678;441.184;200;
airfoil1.gra;3294068;429612;346.484;200;
basic.gra;6;6;0.007318;200;
bintree10.gra;195840;192220;6.09473;200;
c1y.gra;333040;314463;9.97442;200;
c2y.gra;455869;426750;14.2069;200;
c3y.gra;832792;760833;26.4178;200;
c4y.gra;787128;757623;27.9302;200;
c5y.gra;719417;613716;21.3735;200;
gd95c.gra;985;849;0.063798;200;
gd96a.gra;403467;385349;14.1584;200;
gd96b.gra;2154;1637;0.201371;200;
gd96c.gra;1770;1454;0.06011;200;
gd96d.gra;9188;6688;0.306308;200;
hc10.gra;536700;470468;24.2162;200;
mesh33x33.gra;82424;54858;11.3669;200;
randomA1.gra;1144683;1058140;30.5306;200;
randomA2.gra;1423471;1296403;124.679;200;
randomA3.gra;1373080;1334991;241.543;200;
randomA4.gra;1248899;1184463;46.1643;200;
randomG4.gra;1117194;813274;44.2624;200;
small.gra;12;11;0.006505;200;
whitaker3.gra;16199510;9902235;1835.91;200;
3elt.gra;5236758;5236758;2.21749;1;
airfoil1.gra;3430976;3430908;1.75211;1;
basic.gra;6;6;0.000172;1;
bintree10.gra;195840;195331;0.035353;1;
c1y.gra;335567;335567;0.054172;1;
c2y.gra;445705;445705;0.076868;1;
c3y.gra;826357;826357;0.139728;1;
c4y.gra;819078;819078;0.149073;1;
c5y.gra;720608;717896;0.104114;1;
gd95c.gra;919;908;0.00066;1;
gd96a.gra;406595;399104;0.07558;1;
gd96b.gra;2233;2109;0.00112;1;
gd96c.gra;1909;1909;0.000614;1;
gd96d.gra;9148;8737;0.002014;1;
hc10.gra;527506;522922;0.131696;1;
mesh33x33.gra;68612;68424;0.060521;1;
randomA1.gra;1211341;1211341;0.159627;1;
randomA2.gra;1380219;1379006;0.653569;1;
randomA3.gra;1428925;1428393;1.24969;1;
randomA4.gra;1344486;1344486;0.239689;1;
randomG4.gra;880619;880448;0.232912;1;
small.gra;14;12;0.000181;1;
whitaker3.gra;18535066;18523099;9.24937;1;
3elt.gra;5548632;4212873;21.9557;10;
airfoil1.gra;3191279;3191277;17.4446;10;
basic.gra;6;6;0.000483;10;
bintree10.gra;195727;193655;0.307636;10;
c1y.gra;363895;334325;0.497399;10;
c2y.gra;456847;448321;0.688137;10;
c3y.gra;808708;808708;1.31394;10;
c4y.gra;825628;763660;1.40044;10;
c5y.gra;666178;632821;1.08041;10;
gd95c.gra;1112;870;0.003538;10;
gd96a.gra;411930;394141;0.71463;10;
gd96b.gra;2204;2080;0.007441;10;
gd96c.gra;1921;1670;0.003321;10;
gd96d.gra;9224;6740;0.015817;10;
hc10.gra;540068;514296;1.21955;10;
mesh33x33.gra;67787;65520;0.572281;10;
randomA1.gra;1243850;1163780;1.54059;10;
randomA2.gra;1415838;1315511;6.30521;10;
randomA3.gra;1476319;1407362;12.132;10;
randomA4.gra;1357855;1218842;2.31889;10;
randomG4.gra;912312;912296;2.22392;10;
small.gra;14;11;0.000491;10;
whitaker3.gra;18697991;17844577;92.6863;10;
3elt.gra;5434962;3992691;109.786;50;
airfoil1.gra;3567361;3028483;86.7361;50;
basic.gra;6;6;0.001821;50;
bintree10.gra;193956;192473;1.52727;50;
c1y.gra;339017;330838;2.5176;50;
c2y.gra;522532;435677;3.53708;50;
c3y.gra;835816;780177;6.65039;50;
c4y.gra;951218;777470;6.94013;50;
c5y.gra;663533;632234;5.34249;50;
gd95c.gra;1059;857;0.016278;50;
gd96a.gra;410958;387465;3.55166;50;
gd96b.gra;2401;1654;0.035577;50;
gd96c.gra;1915;1457;0.015294;50;
gd96d.gra;9079;6676;0.076846;50;
hc10.gra;531954;488432;9.57423;50;
mesh33x33.gra;69272;54979;2.84509;50;
randomA1.gra;1187115;1087299;7.64647;50;
randomA2.gra;1375070;1297338;31.1691;50;
randomA3.gra;1402378;1352800;60.4561;50;
randomA4.gra;1421023;1172539;11.5587;50;
randomG4.gra;995076;853556;11.0895;50;
small.gra;16;11;0.001766;50;
whitaker3.gra;19901862;9937462;459.125;50;
3elt.gra;5015193;1196605;219.383;100;
airfoil1.gra;3217184;430056;173.319;100;
basic.gra;6;6;0.003376;100;
bintree10.gra;195246;192438;3.0428;100;
c1y.gra;330077;324927;4.9771;100;
c2y.gra;448830;433248;7.09297;100;
c3y.gra;835222;786522;13.2073;100;
c4y.gra;797117;748054;13.9172;100;
c5y.gra;645000;614629;10.8222;100;
gd95c.gra;1106;857;0.032243;100;
gd96a.gra;400922;390311;7.06818;100;
gd96b.gra;1920;1628;0.071938;100;
gd96c.gra;2381;1448;0.030003;100;
gd96d.gra;9067;6784;0.153135;100;
hc10.gra;470742;470496;12.1947;100;
mesh33x33.gra;80282;58179;5.68726;100;
randomA1.gra;1176916;811368;15.2621;100;
randomA2.gra;1430338;1305598;62.3592;100;
randomA3.gra;1502062;1356889;120.983;100;
randomA4.gra;1304482;1156708;23.0978;100;
randomG4.gra;1209862;842772;22.1842;100;
small.gra;16;11;0.003528;100;
whitaker3.gra;18921532;9906985;920.466;100;
3elt.gra;4801560;1197771;438.195;200;
airfoil1.gra;4031688;417935;347.674;200;
basic.gra;6;6;0.007304;200;
bintree10.gra;193508;191022;6.10337;200;
c1y.gra;343717;314521;9.9096;200;
c2y.gra;448887;419929;14.227;200;
c3y.gra;822161;764575;26.3539;200;
c4y.gra;951104;755433;27.8846;200;
c5y.gra;720241;615051;21.5085;200;
gd95c.gra;1281;856;0.063815;200;
gd96a.gra;409718;385574;14.1373;200;
gd96b.gra;2227;1615;0.140873;200;
gd96c.gra;1878;1432;0.06002;200;
gd96d.gra;9167;6728;0.305999;200;
hc10.gra;492814;477466;24.2528;200;
mesh33x33.gra;69096;54798;11.3993;200;
randomA1.gra;1314609;810115;30.542;200;
randomA2.gra;1385787;1300550;124.968;200;
randomA3.gra;1422641;1349121;241.687;200;
randomA4.gra;1264061;1178546;46.2454;200;
randomG4.gra;1118207;810951;44.2863;200;
small.gra;16;11;0.006683;200;
whitaker3.gra;17856041;9929478;1840.52;200;
3elt.gra;5320485;5320485;2.23195;1;
airfoil1.gra;3842467;3842467;1.75434;1;
basic.gra;6;6;0.000172;1;
bintree10.gra;196772;195951;0.035395;1;
c1y.gra;361612;356708;0.050039;1;
c2y.gra;451430;451372;0.076813;1;
c3y.gra;828010;828010;0.141794;1;
c4y.gra;800476;800476;0.14958;1;
c5y.gra;657171;657171;0.114041;1;
gd95c.gra;1114;1103;0.000673;1;
gd96a.gra;403773;397564;0.076073;1;
gd96b.gra;1751;1684;0.001129;1;
gd96c.gra;2407;2331;0.000595;1;
gd96d.gra;7661;7661;0.002051;1;
hc10.gra;521166;520038;0.131062;1;
mesh33x33.gra;76339;76151;0.061972;1;
randomA1.gra;1290657;1290213;0.159112;1;
randomA2.gra;1408085;1406804;0.648781;1;
randomA3.gra;1485070;1484649;1.25335;1;
randomA4.gra;1228616;1228616;0.240759;1;
randomG4.gra;1116901;1114757;0.234892;1;
small.gra;14;12;0.000177;1;
whitaker3.gra;17522770;17522770;9.29662;1;
3elt.gra;4984749;4002601;22.0197;10;
airfoil1.gra;427244;426905;17.2412;10;
basic.gra;6;6;0.000484;10;
bintree10.gra;195840;194711;0.307179;10;
c1y.gra;344027;326915;0.505117;10;
c2y.gra;432872;432472;0.722204;10;
c3y.gra;835036;797047;1.3356;10;
c4y.gra;808399;753969;1.42098;10;
c5y.gra;715109;658326;1.0608;10;
gd95c.gra;1629;868;0.003526;10;
gd96a.gra;404315;383984;0.715314;10;
gd96b.gra;2328;1628;0.007438;10;
gd96c.gra;1849;1579;0.006307;10;
gd96d.gra;7166;6724;0.016094;10;
hc10.gra;520190;494298;1.22693;10;
mesh33x33.gra;69250;64962;0.572962;10;
randomA1.gra;1249605;1108579;1.536;10;
randomA2.gra;1373963;1334730;6.27404;10;
randomA3.gra;1432787;1411746;12.0948;10;
randomA4.gra;1264339;1229683;2.31599;10;
randomG4.gra;1086952;886319;2.22083;10;
small.gra;14;11;0.000495;10;
whitaker3.gra;18568150;9979279;91.5324;10;
3elt.gra;4324591;3793197;109.815;50;
airfoil1.gra;3594890;419570;86.388;50;
basic.gra;6;6;0.001701;50;
bintree10.gra;196526;193142;1.52453;50;
c1y.gra;339939;316979;2.47287;50;
c2y.gra;455229;431544;3.51203;50;
c3y.gra;831708;787097;6.64732;50;
c4y.gra;798067;753716;7.05069;50;
c5y.gra;665120;609529;5.32949;50;
gd95c.gra;931;857;0.016339;50;
gd96a.gra;413218;386420;3.54615;50;
gd96b.gra;1726;1666;0.039612;50;
gd96c.gra;1860;1449;0.015361;50;
gd96d.gra;9259;6776;0.07668;50;
hc10.gra;529782;488338;6.10361;50;
mesh33x33.gra;68414;56580;2.84757;50;
randomA1.gra;1119690;1060997;7.65511;50;
randomA2.gra;1394483;1295805;31.1947;50;
randomA3.gra;1438199;1381888;60.3169;50;
randomA4.gra;1356747;1179230;11.5628;50;
randomG4.gra;920879;850967;11.0835;50;
small.gra;12;11;0.0018;50;
whitaker3.gra;18368646;9975830;460.621;50;
3elt.gra;4486601;3702909;221.256;100;
airfoil1.gra;3069692;421855;174.003;100;
basic.gra;6;6;0.003396;100;
bintree10.gra;197222;191982;3.05145;100;
c1y.gra;339657;319669;4.9804;100;
c2y.gra;454137;420431;7.07438;100;
c3y.gra;826186;778449;13.1917;100;
c4y.gra;954157;755399;13.9883;100;
c5y.gra;720145;617637;10.82;100;
gd95c.gra;981;856;0.032081;100;
gd96a.gra;534919;391407;7.06909;100;
gd96b.gra;2359;1692;0.070647;100;
gd96c.gra;1913;1452;0.029987;100;
gd96d.gra;9199;6722;0.152614;100;
hc10.gra;533458;486722;12.1373;100;
mesh33x33.gra;66423;65226;5.69708;100;
randomA1.gra;1193225;811368;15.2703;100;
randomA2.gra;1351925;1292990;62.423;100;
randomA3.gra;1494385;1369749;120.732;100;
randomA4.gra;1278653;1178456;23.1161;100;
randomG4.gra;1124082;838400;22.2001;100;
small.gra;16;11;0.003518;100;
whitaker3.gra;18185651;9931178;920.395;100;
3elt.gra;4455351;1186285;439.129;200;
airfoil1.gra;3720585;416455;348.111;200;
basic.gra;6;6;0.006526;200;
bintree10.gra;197168;191026;6.09941;200;
c1y.gra;361357;316647;9.95378;200;
c2y.gra;522029;427767;14.1437;200;
c3y.gra;833673;766479;26.4629;200;
c4y.gra;783812;750928;27.7589;200;
c5y.gra;669444;619542;21.3593;200;
gd95c.gra;1039;856;0.063778;200;
gd96a.gra;390240;384936;14.1874;200;
gd96b.gra;1766;1675;0.140526;200;
gd96c.gra;1989;1427;0.060546;200;
gd96d.gra;7385;6774;0.307922;200;
hc10.gra;537642;486672;24.2746;200;
mesh33x33.gra;86337;54843;11.386;200;
randomA1.gra;1172809;1070832;30.5433;200;
randomA2.gra;1352144;1288484;124.704;200;
randomA3.gra;1535862;1350783;241.793;200;
randomA4.gra;1598041;1164037;46.1028;200;
randomG4.gra;1096094;828623;44.2367;200;
small.gra;11;11;0.006621;200;
whitaker3.gra;17643989;9951167;1842.31;200;
3elt.gra;4178862;4178862;2.23989;1;
airfoil1.gra;3549104;3549103;1.76915;1;
basic.gra;6;6;0.000185;1;
bintree10.gra;195729;195224;0.034016;1;
c1y.gra;342948;342948;0.054131;1;
c2y.gra;454840;454800;0.076827;1;
c3y.gra;814115;814115;0.140684;1;
c4y.gra;823732;823711;0.148343;1;
c5y.gra;664267;664267;0.116373;1;
gd95c.gra;1082;1071;0.000661;1;
gd96a.gra;405288;399044;0.075481;1;
gd96b.gra;2227;2103;0.00113;1;
gd96c.gra;1573;1573;0.000619;1;
gd96d.gra;9079;8825;0.002025;1;
hc10.gra;540758;536212;0.130969;1;
mesh33x33.gra;83423;83235;0.060733;1;
randomA1.gra;1226812;1226812;0.159268;1;
randomA2.gra;1401421;1400582;0.64775;1;
randomA3.gra;1440874;1435064;1.25014;1;
randomA4.gra;1265362;1265362;0.243213;1;
randomG4.gra;1150615;1150615;0.229883;1;
small.gra;14;12;0.000177;1;
whitaker3.gra;18736808;18725158;9.22959;1;
3elt.gra;6328219;4091939;22.0139;10;
airfoil1.gra;3488020;417979;17.0098;10;
basic.gra;6;6;0.000483;10;
bintree10.gra;195840;193128;0.307671;10;
c1y.gra;342855;332372;0.50664;10;
c2y.gra;455168;443830;0.702252;10;
c3y.gra;827370;808195;1.34493;10;
c4y.gra;800593;797319;1.4024;10;
c5y.gra;655189;631875;1.08674;10;
gd95c.gra;1047;880;0.003555;10;
gd96a.gra;534811;386873;0.718841;10;
gd96b.gra;2272;1718;0.007418;10;
gd96c.gra;1858;1548;0.003323;10;
gd96d.gra;9004;7181;0.015914;10;
hc10.gra;540200;521270;1.2204;10;
mesh33x33.gra;66962;66631;0.573573;10;
randomA1.gra;1225421;1142300;1.53641;10;
randomA2.gra;1378400;1302284;6.23697;10;
randomA3.gra;1381936;1381926;12.1184;10;
randomA4.gra;1241923;1241923;2.31442;10;
randomG4.gra;1178843;969715;2.22634;10;
small.gra;14;11;0.000478;10;
whitaker3.gra;18904701;17427823;92.4456;10;
3elt.gra;5018345;1187458;109.966;50;
airfoil1.gra;3611840;415255;86.1314;50;
basic.gra;6;6;0.001751;50;
bintree10.gra;195840;191916;1.52629;50;
c1y.gra;344229;329961;2.45699;50;
c2y.gra;522538;432311;3.54955;50;
c3y.gra;795994;769030;6.60314;50;
c4y.gra;808805;776901;6.98264;50;
c5y.gra;655618;616880;5.36172;50;
gd95c.gra;984;850;0.016293;50;
gd96a.gra;403454;389251;3.54682;50;
gd96b.gra;1751;1712;0.038235;50;
gd96c.gra;2384;1462;0.015285;50;
gd96d.gra;7158;7032;0.076892;50;
hc10.gra;530658;487940;6.10455;50;
mesh33x33.gra;69745;65424;2.84879;50;
randomA1.gra;1224316;809756;7.6501;50;
randomA2.gra;1338359;1319449;31.1646;50;
randomA3.gra;1455172;1376171;60.5244;50;
randomA4.gra;1251408;1186165;11.5303;50;
randomG4.gra;965385;811773;11.0926;50;
small.gra;11;11;0.001843;50;
whitaker3.gra;18555063;9932457;460.479;50;
3elt.gra;4436580;1184832;219.733;100;
airfoil1.gra;3414204;414439;172.883;100;
basic.gra;6;6;0.00346;100;
bintree10.gra;196634;193060;3.04837;100;
c1y.gra;345511;310182;5.00872;100;
c2y.gra;519738;429079;7.0933;100;
c3y.gra;794781;785698;13.216;100;
c4y.gra;777275;753883;13.8694;100;
c5y.gra;669556;623432;10.6759;100;
gd95c.gra;961;857;0.032523;100;
gd96a.gra;534968;385696;7.08322;100;
gd96b.gra;2168;1665;0.071014;100;
gd96c.gra;1642;1446;0.03002;100;
gd96d.gra;9039;6827;0.154107;100;
hc10.gra;539810;469344;12.2052;100;
mesh33x33.gra;67380;55498;5.69768;100;
randomA1.gra;1161952;810115;15.2709;100;
randomA2.gra;1339559;1294130;62.6422;100;
randomA3.gra;1401188;1315565;120.478;100;
randomA4.gra;1347414;1190046;23.124;100;
randomG4.gra;1110798;800829;22.1567;100;
small.gra;14;11;0.003367;100;
whitaker3.gra;17342073;9926968;922.911;100;
3elt.gra;5410424;1188880;440.949;200;
airfoil1.gra;3305043;420385;347.754;200;
basic.gra;6;6;0.0073;200;
bintree10.gra;194884;191920;6.09431;200;
c1y.gra;341318;315259;10.0059;200;
c2y.gra;453961;430584;14.1615;200;
c3y.gra;836146;768746;26.4458;200;
c4y.gra;785720;743805;27.8562;200;
c5y.gra;668067;616161;21.4215;200;
gd95c.gra;1142;850;0.064012;200;
gd96a.gra;398038;387285;14.1427;200;
gd96b.gra;2359;1629;0.201477;200;
gd96c.gra;1837;1428;0.06051;200;
gd96d.gra;6828;6695;0.3048;200;
hc10.gra;509420;483300;24.2451;200;
mesh33x33.gra;75987;54718;11.3792;200;
randomA1.gra;1268201;811368;30.643;200;
randomA2.gra;1344222;1298022;124.972;200;
randomA3.gra;1464446;1325999;240.891;200;
randomA4.gra;1345667;1168149;46.2839;200;
randomG4.gra;1068547;837512;44.3018;200;
small.gra;12;11;0.006972;200;
whitaker3.gra;19478935;9923556;1839.71;200;
