3elt.gra;3084684;2870474;0.031781;1;4720
airfoil1.gra;2326739;2160252;0.02832;1;4253
basic.gra;6;6;0.000175;1;4
bintree10.gra;184665;184663;0.003035;1;1023
c1y.gra;323614;291872;0.004327;1;828
c2y.gra;440651;399421;0.005363;1;980
c3y.gra;771677;699197;0.008512;1;1327
c4y.gra;737807;642728;0.007299;1;1366
c5y.gra;613271;546696;0.006282;1;1202
gd95c.gra;1270;1061;0.000479;1;62
gd96a.gra;317677;280464;0.005614;1;1096
gd96b.gra;1509;1340;0.000724;1;111
gd96c.gra;1430;1328;0.000514;1;65
gd96d.gra;5670;4860;0.000761;1;180
hc10.gra;488372;487968;0.00971;1;1024
mesh33x33.gra;88489;86561;0.006094;1;1089
randomA1.gra;1384772;1247928;0.009496;1;1000
randomA2.gra;1629470;1520426;0.035545;1;1000
randomA3.gra;1835536;1759813;0.061634;1;1000
randomA4.gra;1514054;1393463;0.01368;1;1000
randomG4.gra;950431;881642;0.016395;1;1000
small.gra;13;11;0.00018;1;5
whitaker3.gra;11174642;10640119;0.068858;1;9800
3elt.gra;3320962;3070474;0.083513;10;47200
airfoil1.gra;2311565;1919993;0.077642;10;42530
basic.gra;6;6;0.000464;10;40
bintree10.gra;196031;169049;0.007084;10;10230
c1y.gra;325354;287510;0.014766;10;8280
c2y.gra;444703;382896;0.014763;10;9800
c3y.gra;753544;660803;0.023981;10;13270
c4y.gra;770827;648484;0.020532;10;13660
c5y.gra;634044;493919;0.018081;10;12020
gd95c.gra;1278;1066;0.001377;10;620
gd96a.gra;327651;279705;0.013767;10;10960
gd96b.gra;1115;958;0.001698;10;1110
gd96c.gra;1258;1151;0.0013;10;650
gd96d.gra;6161;4777;0.003501;10;1800
hc10.gra;502824;470600;0.022977;10;10240
mesh33x33.gra;93144;62106;0.013075;10;10890
randomA1.gra;1288164;1092352;0.02578;10;10000
randomA2.gra;1750644;1513752;0.090188;10;10000
randomA3.gra;1734327;1590982;0.170255;10;10000
randomA4.gra;1621967;1348833;0.036396;10;10000
randomG4.gra;957097;877997;0.03579;10;10000
small.gra;13;11;0.000518;10;50
whitaker3.gra;12914933;8768058;0.172896;10;98000
3elt.gra;3954697;2791857;0.602446;100;472000
airfoil1.gra;3294581;1785306;0.540434;100;425300
basic.gra;6;6;0.003618;100;400
bintree10.gra;193157;169049;0.052284;100;102300
c1y.gra;329394;274294;0.093448;100;82800
c2y.gra;465991;369552;0.110302;100;98000
c3y.gra;728234;641092;0.152452;100;132700
c4y.gra;705800;581843;0.156502;100;136600
c5y.gra;640383;490238;0.137821;100;120200
gd95c.gra;1418;981;0.011598;100;6200
gd96a.gra;340153;273735;0.109919;100;109600
gd96b.gra;1359;848;0.01342;100;11100
gd96c.gra;1456;1022;0.010484;100;6500
gd96d.gra;6619;4785;0.020087;100;18000
hc10.gra;484678;470402;0.141146;100;102400
mesh33x33.gra;101774;57384;0.093121;100;108900
randomA1.gra;1331855;1077183;0.187161;100;100000
randomA2.gra;1681310;1502977;0.648057;100;100000
randomA3.gra;1739823;1582408;1.2303;100;100000
randomA4.gra;1446058;1243927;0.26447;100;100000
randomG4.gra;1048338;835837;0.255461;100;100000
small.gra;12;11;0.003537;100;500
whitaker3.gra;11469664;8668643;1.23541;100;980000
3elt.gra;6017433;5561553;0.031878;1;4720
airfoil1.gra;2253845;2087405;0.028303;1;4253
basic.gra;6;6;0.000177;1;4
bintree10.gra;193829;193827;0.002997;1;1023
c1y.gra;325843;294603;0.004332;1;828
c2y.gra;436897;398154;0.005144;1;980
c3y.gra;766769;698558;0.008991;1;1327
c4y.gra;715272;621445;0.007182;1;1366
c5y.gra;611430;535898;0.006337;1;1202
gd95c.gra;1922;1613;0.000481;1;62
gd96a.gra;327727;288639;0.004582;1;1096
gd96b.gra;1078;1006;0.000579;1;111
gd96c.gra;1674;1466;0.000496;1;65
gd96d.gra;6507;5858;0.000937;1;180
hc10.gra;488308;487996;0.011262;1;1024
mesh33x33.gra;68420;66928;0.006103;1;1089
randomA1.gra;1363848;1218435;0.00968;1;1000
randomA2.gra;1646973;1561153;0.035057;1;1000
randomA3.gra;1749258;1667677;0.062386;1;1000
randomA4.gra;1557336;1411592;0.015174;1;1000
randomG4.gra;1125615;1025002;0.014507;1;1000
small.gra;14;13;0.000216;1;5
whitaker3.gra;12492271;11885218;0.066225;1;9800
3elt.gra;6017433;3116399;0.083417;10;47200
airfoil1.gra;2253845;1936156;0.076307;10;42530
basic.gra;6;6;0.000484;10;40
bintree10.gra;193829;169173;0.007067;10;10230
c1y.gra;325843;284534;0.014292;10;8280
c2y.gra;436897;387192;0.014822;10;9800
c3y.gra;766769;659132;0.020418;10;13270
c4y.gra;715272;621445;0.020633;10;13660
c5y.gra;611430;524304;0.018172;10;12020
gd95c.gra;1351;1063;0.00141;10;620
gd96a.gra;336697;282177;0.014998;10;10960
gd96b.gra;1178;987;0.002005;10;1110
gd96c.gra;1446;1116;0.001576;10;650
gd96d.gra;6163;4899;0.002743;10;1800
hc10.gra;499324;470586;0.022315;10;10240
mesh33x33.gra;60928;59776;0.01309;10;10890
randomA1.gra;1258389;1126666;0.025727;10;10000
randomA2.gra;1659461;1532915;0.09028;10;10000
randomA3.gra;1766548;1627098;0.168153;10;10000
randomA4.gra;1517783;1344444;0.036669;10;10000
randomG4.gra;1016906;890355;0.035582;10;10000
small.gra;13;11;0.000507;10;50
whitaker3.gra;12831209;10086617;0.171995;10;98000
3elt.gra;4703651;2782390;0.603131;100;472000
airfoil1.gra;2725301;1808197;0.541073;100;425300
basic.gra;6;6;0.00361;100;400
bintree10.gra;193271;169073;0.05176;100;102300
c1y.gra;332596;270692;0.093207;100;82800
c2y.gra;451476;357197;0.110395;100;98000
c3y.gra;777466;652947;0.148698;100;132700
c4y.gra;740640;577496;0.152692;100;136600
c5y.gra;632790;473101;0.135036;100;120200
gd95c.gra;1359;972;0.012425;100;6200
gd96a.gra;338092;276557;0.107502;100;109600
gd96b.gra;1003;844;0.014643;100;11100
gd96c.gra;1230;1028;0.00989;100;6500
gd96d.gra;6302;4817;0.0189;100;18000
hc10.gra;503042;470300;0.143015;100;102400
mesh33x33.gra;88607;57225;0.093989;100;108900
randomA1.gra;1287674;1049965;0.188266;100;100000
randomA2.gra;1756761;1501787;0.650539;100;100000
randomA3.gra;1687431;1565752;1.23074;100;100000
randomA4.gra;1525016;1269183;0.26331;100;100000
randomG4.gra;1054966;809448;0.253193;100;100000
small.gra;12;11;0.003704;100;500
whitaker3.gra;12537561;8497448;1.2378;100;980000
3elt.gra;4179265;3882618;0.0319;1;4720
airfoil1.gra;2515685;2303121;0.028457;1;4253
basic.gra;6;6;0.000183;1;4
bintree10.gra;187903;187901;0.002967;1;1023
c1y.gra;329579;297478;0.004339;1;828
c2y.gra;442562;398042;0.005955;1;980
c3y.gra;741819;676149;0.00829;1;1327
c4y.gra;731640;637035;0.007241;1;1366
c5y.gra;645523;558318;0.006382;1;1202
gd95c.gra;1262;1076;0.000505;1;62
gd96a.gra;334109;287931;0.004592;1;1096
gd96b.gra;1038;987;0.000582;1;111
gd96c.gra;1550;1351;0.000455;1;65
gd96d.gra;6631;5643;0.00084;1;180
hc10.gra;471204;470856;0.010699;1;1024
mesh33x33.gra;87611;85447;0.005137;1;1089
randomA1.gra;1271214;1143509;0.009771;1;1000
randomA2.gra;1617598;1529834;0.039;1;1000
randomA3.gra;1756207;1659823;0.061531;1;1000
randomA4.gra;1555897;1427597;0.017614;1;1000
randomG4.gra;1234353;1110187;0.013566;1;1000
small.gra;12;12;0.000184;1;5
whitaker3.gra;11502348;10989268;0.066985;1;9800
3elt.gra;3999864;2859977;0.084316;10;47200
airfoil1.gra;2828694;2273744;0.077931;10;42530
basic.gra;6;6;0.000487;10;40
bintree10.gra;196267;184661;0.007015;10;10230
c1y.gra;333543;276771;0.013867;10;8280
c2y.gra;432717;380270;0.01671;10;9800
c3y.gra;797838;650153;0.02009;10;13270
c4y.gra;723475;624317;0.020518;10;13660
c5y.gra;617274;492526;0.018063;10;12020
gd95c.gra;1440;1066;0.001431;10;620
gd96a.gra;332998;280749;0.015479;10;10960
gd96b.gra;1488;834;0.001657;10;1110
gd96c.gra;1509;1100;0.001374;10;650
gd96d.gra;6239;5121;0.002783;10;1800
hc10.gra;488436;470778;0.022221;10;10240
mesh33x33.gra;87611;58274;0.013728;10;10890
randomA1.gra;1271214;1094956;0.025668;10;10000
randomA2.gra;1617598;1527903;0.089419;10;10000
randomA3.gra;1756207;1615231;0.170059;10;10000
randomA4.gra;1555897;1306011;0.036546;10;10000
randomG4.gra;1234353;891318;0.035436;10;10000
small.gra;13;11;0.000537;10;50
whitaker3.gra;10937883;8977292;0.171773;10;98000
3elt.gra;4462007;2780786;0.601232;100;472000
airfoil1.gra;2720095;1759970;0.541378;100;425300
basic.gra;6;6;0.003577;100;400
bintree10.gra;195795;169039;0.048953;100;102300
c1y.gra;325707;268063;0.093469;100;82800
c2y.gra;415128;363454;0.11042;100;98000
c3y.gra;772354;625205;0.15134;100;132700
c4y.gra;794390;597918;0.152292;100;136600
c5y.gra;611504;480741;0.135186;100;120200
gd95c.gra;1213;1041;0.010487;100;6200
gd96a.gra;319420;267844;0.106167;100;109600
gd96b.gra;2227;851;0.013558;100;11100
gd96c.gra;1191;981;0.010295;100;6500
gd96d.gra;6589;4915;0.018478;100;18000
hc10.gra;503012;470422;0.140751;100;102400
mesh33x33.gra;58600;57320;0.095394;100;108900
randomA1.gra;1208426;1061324;0.187402;100;100000
randomA2.gra;1634543;1488603;0.652251;100;100000
randomA3.gra;1741221;1564282;1.22471;100;100000
randomA4.gra;1649562;1265887;0.263081;100;100000
randomG4.gra;1275625;817569;0.256364;100;100000
small.gra;14;11;0.00348;100;500
whitaker3.gra;12349810;8804487;1.23374;100;980000
3elt.gra;4410114;4092912;0.031918;1;4720
airfoil1.gra;2646007;2440761;0.028532;1;4253
basic.gra;6;6;0.000194;1;4
bintree10.gra;193157;193155;0.003041;1;1023
c1y.gra;328398;296994;0.004282;1;828
c2y.gra;434086;393134;0.005425;1;980
c3y.gra;737608;670161;0.008061;1;1327
c4y.gra;775122;683272;0.007214;1;1366
c5y.gra;639276;565413;0.00759;1;1202
gd95c.gra;1242;1106;0.000495;1;62
gd96a.gra;318040;280125;0.004581;1;1096
gd96b.gra;2227;2056;0.000606;1;111
gd96c.gra;1223;1147;0.000461;1;65
gd96d.gra;5812;5281;0.000782;1;180
hc10.gra;488060;487748;0.01016;1;1024
mesh33x33.gra;88951;86611;0.005091;1;1089
randomA1.gra;1332733;1217016;0.00952;1;1000
randomA2.gra;1769367;1664987;0.033537;1;1000
randomA3.gra;1715767;1628535;0.062926;1;1000
randomA4.gra;1508023;1383431;0.014061;1;1000
randomG4.gra;988441;913454;0.016862;1;1000
small.gra;13;13;0.000207;1;5
whitaker3.gra;11422539;10888564;0.065933;1;9800
3elt.gra;4410114;2796267;0.083386;10;47200
airfoil1.gra;2646007;1875873;0.075109;10;42530
basic.gra;6;6;0.000489;10;40
bintree10.gra;193157;169203;0.00708;10;10230
c1y.gra;328398;284913;0.014006;10;8280
c2y.gra;434086;375328;0.014762;10;9800
c3y.gra;750427;655330;0.022009;10;13270
c4y.gra;780020;645862;0.020497;10;13660
c5y.gra;617833;488301;0.018035;10;12020
gd95c.gra;1227;1111;0.001417;10;620
gd96a.gra;330190;275209;0.015501;10;10960
gd96b.gra;1431;975;0.001716;10;1110
gd96c.gra;1141;1010;0.001317;10;650
gd96d.gra;6733;5250;0.002277;10;1800
hc10.gra;471334;470930;0.022268;10;10240
mesh33x33.gra;70404;58814;0.014421;10;10890
randomA1.gra;1283794;1116543;0.025826;10;10000
randomA2.gra;1746239;1543127;0.090046;10;10000
randomA3.gra;1801651;1592363;0.167542;10;10000
randomA4.gra;1585557;1432683;0.03664;10;10000
randomG4.gra;1196707;889136;0.035399;10;10000
small.gra;12;11;0.000498;10;50
whitaker3.gra;12437975;10152955;0.172795;10;98000
3elt.gra;4758999;2903979;0.601708;100;472000
airfoil1.gra;2667230;1788428;0.540915;100;425300
basic.gra;6;6;0.003359;100;400
bintree10.gra;195883;169073;0.051646;100;102300
c1y.gra;324972;273764;0.09327;100;82800
c2y.gra;449753;376018;0.110577;100;98000
c3y.gra;790669;637191;0.151669;100;132700
c4y.gra;789079;603299;0.152606;100;136600
c5y.gra;587933;488523;0.135134;100;120200
gd95c.gra;1357;999;0.010316;100;6200
gd96a.gra;326388;267856;0.107871;100;109600
gd96b.gra;1516;845;0.012422;100;11100
gd96c.gra;1713;987;0.010275;100;6500
gd96d.gra;6699;4814;0.018538;100;18000
hc10.gra;514408;470214;0.140399;100;102400
mesh33x33.gra;63307;57939;0.09512;100;108900
randomA1.gra;1293062;1075494;0.187222;100;100000
randomA2.gra;1610032;1508709;0.651386;100;100000
randomA3.gra;1774333;1570081;1.22368;100;100000
randomA4.gra;1572721;1255358;0.26362;100;100000
randomG4.gra;1229261;810708;0.255571;100;100000
small.gra;14;11;0.003575;100;500
whitaker3.gra;12195473;8711063;1.23971;100;980000
3elt.gra;6299276;5849021;0.032047;1;4720
airfoil1.gra;2227690;2056288;0.028567;1;4253
basic.gra;6;6;0.000178;1;4
bintree10.gra;193247;193245;0.003003;1;1023
c1y.gra;329422;298774;0.004277;1;828
c2y.gra;464662;414959;0.005174;1;980
c3y.gra;751486;682642;0.008676;1;1327
c4y.gra;766635;666992;0.007237;1;1366
c5y.gra;629143;565089;0.006394;1;1202
gd95c.gra;1349;1254;0.000483;1;62
gd96a.gra;329103;297354;0.005456;1;1096
gd96b.gra;2168;1998;0.000693;1;111
gd96c.gra;1347;1258;0.000552;1;65
gd96d.gra;6458;5778;0.000758;1;180
hc10.gra;502920;502592;0.009345;1;1024
mesh33x33.gra;63136;61798;0.005071;1;1089
randomA1.gra;1226517;1094657;0.010218;1;1000
randomA2.gra;1621658;1522558;0.037608;1;1000
randomA3.gra;1726611;1641854;0.063866;1;1000
randomA4.gra;1880738;1729865;0.013748;1;1000
randomG4.gra;1040245;952724;0.013502;1;1000
small.gra;12;12;0.000185;1;5
whitaker3.gra;13713770;13010971;0.069522;1;9800
3elt.gra;4256355;3234279;0.085406;10;47200
airfoil1.gra;3690314;1900314;0.07731;10;42530
basic.gra;6;6;0.000497;10;40
bintree10.gra;196267;169181;0.007012;10;10230
c1y.gra;331064;282500;0.013893;10;8280
c2y.gra;444192;390468;0.016831;10;9800
c3y.gra;751486;661531;0.019956;10;13270
c4y.gra;766635;610192;0.020527;10;13660
c5y.gra;629143;514056;0.018062;10;12020
gd95c.gra;1349;1071;0.001388;10;620
gd96a.gra;329103;276182;0.013789;10;10960
gd96b.gra;2168;833;0.001653;10;1110
gd96c.gra;1347;1116;0.001333;10;650
gd96d.gra;6458;4930;0.002691;10;1800
hc10.gra;502920;470670;0.022595;10;10240
mesh33x33.gra;63136;61798;0.013274;10;10890
randomA1.gra;1226517;1080954;0.025685;10;10000
randomA2.gra;1621658;1522558;0.089451;10;10000
randomA3.gra;1726611;1593450;0.17048;10;10000
randomA4.gra;1532810;1287251;0.036632;10;10000
randomG4.gra;1169843;865876;0.035446;10;10000
small.gra;13;11;0.000514;10;50
whitaker3.gra;11564577;10048580;0.171793;10;98000
3elt.gra;4352021;2861343;0.602716;100;472000
airfoil1.gra;2388656;1797032;0.542548;100;425300
basic.gra;6;6;0.003506;100;400
bintree10.gra;193131;169039;0.051571;100;102300
c1y.gra;326868;274955;0.100582;100;82800
c2y.gra;414120;371019;0.11245;100;98000
c3y.gra;742191;626442;0.149024;100;132700
c4y.gra;772107;581852;0.166467;100;136600
c5y.gra;611982;484615;0.136783;100;120200
gd95c.gra;1411;1079;0.01098;100;6200
gd96a.gra;329608;276074;0.105714;100;109600
gd96b.gra;2247;825;0.012214;100;11100
gd96c.gra;1610;998;0.013398;100;6500
gd96d.gra;8858;4859;0.017005;100;18000
hc10.gra;502980;470222;0.142919;100;102400
mesh33x33.gra;61461;57841;0.095468;100;108900
randomA1.gra;1245612;1050844;0.189646;100;100000
randomA2.gra;1685785;1515195;0.651949;100;100000
randomA3.gra;1832160;1559783;1.21993;100;100000
randomA4.gra;1455606;1219893;0.283576;100;100000
randomG4.gra;972984;830629;0.254548;100;100000
small.gra;12;11;0.003628;100;500
whitaker3.gra;12039244;8469515;1.23393;100;980000
3elt.gra;4946044;4603017;0.031473;1;4720
airfoil1.gra;2572212;2363776;0.028185;1;4253
basic.gra;6;6;0.000179;1;4
bintree10.gra;193747;193745;0.002959;1;1023
c1y.gra;318976;289126;0.004313;1;828
c2y.gra;426742;386423;0.005121;1;980
c3y.gra;723783;656013;0.009461;1;1327
c4y.gra;774547;689386;0.007332;1;1366
c5y.gra;607355;523215;0.006427;1;1202
gd95c.gra;1495;1383;0.000486;1;62
gd96a.gra;330600;300144;0.004586;1;1096
gd96b.gra;987;925;0.000586;1;111
gd96c.gra;1518;1413;0.000476;1;65
gd96d.gra;5952;5245;0.000907;1;180
hc10.gra;502968;502564;0.011202;1;1024
mesh33x33.gra;65325;63807;0.0055;1;1089
randomA1.gra;1329579;1201300;0.009555;1;1000
randomA2.gra;1743493;1644130;0.034253;1;1000
randomA3.gra;1719218;1640067;0.06471;1;1000
randomA4.gra;1520600;1402919;0.016268;1;1000
randomG4.gra;995576;908805;0.017722;1;1000
small.gra;12;12;0.000207;1;5
whitaker3.gra;12056440;11402260;0.066475;1;9800
3elt.gra;4946044;3067865;0.083546;10;47200
airfoil1.gra;2614497;1934805;0.074852;10;42530
basic.gra;6;6;0.000476;10;40
bintree10.gra;195631;169041;0.007019;10;10230
c1y.gra;311975;273174;0.015084;10;8280
c2y.gra;445763;387529;0.014696;10;9800
c3y.gra;748240;672955;0.021983;10;13270
c4y.gra;777032;600731;0.02059;10;13660
c5y.gra;634759;480993;0.01812;10;12020
gd95c.gra;1532;1052;0.001426;10;620
gd96a.gra;332095;276316;0.015123;10;10960
gd96b.gra;1141;1048;0.001976;10;1110
gd96c.gra;1096;1038;0.001589;10;650
gd96d.gra;6923;5212;0.00231;10;1800
hc10.gra;499336;471018;0.021357;10;10240
mesh33x33.gra;62024;60612;0.01483;10;10890
randomA1.gra;1256870;1127597;0.025885;10;10000
randomA2.gra;1621488;1535262;0.089126;10;10000
randomA3.gra;1777377;1612138;0.167851;10;10000
randomA4.gra;1515290;1272590;0.03642;10;10000
randomG4.gra;1006229;895668;0.035497;10;10000
small.gra;13;11;0.000489;10;50
whitaker3.gra;11722850;9243632;0.171908;10;98000
3elt.gra;3195354;2871006;0.602116;100;472000
airfoil1.gra;2648044;1769472;0.543767;100;425300
basic.gra;6;6;0.003344;100;400
bintree10.gra;196091;169051;0.051915;100;102300
c1y.gra;321986;260966;0.093129;100;82800
c2y.gra;437487;365597;0.110328;100;98000
c3y.gra;789744;634045;0.148631;100;132700
c4y.gra;753861;586922;0.153729;100;136600
c5y.gra;622081;492932;0.136501;100;120200
gd95c.gra;1414;1005;0.011912;100;6200
gd96a.gra;322283;273154;0.107536;100;109600
gd96b.gra;2168;832;0.014989;100;11100
gd96c.gra;1144;1001;0.010029;100;6500
gd96d.gra;9060;4642;0.017281;100;18000
hc10.gra;502884;470302;0.143772;100;102400
mesh33x33.gra;88449;58023;0.095445;100;108900
randomA1.gra;1277733;1063195;0.188822;100;100000
randomA2.gra;1672133;1502025;0.651525;100;100000
randomA3.gra;1728343;1564360;1.22996;100;100000
randomA4.gra;1474707;1245099;0.263384;100;100000
randomG4.gra;1153093;822438;0.253842;100;100000
small.gra;14;11;0.00355;100;500
whitaker3.gra;12482168;8666873;1.23899;100;980000
3elt.gra;4007243;3714572;0.03161;1;4720
airfoil1.gra;3195898;2915665;0.028177;1;4253
basic.gra;6;6;0.000177;1;4
bintree10.gra;193301;193299;0.002951;1;1023
c1y.gra;333419;295565;0.004317;1;828
c2y.gra;443257;405574;0.005085;1;980
c3y.gra;783101;710487;0.007567;1;1327
c4y.gra;769415;677263;0.008555;1;1366
c5y.gra;628748;560779;0.006404;1;1202
gd95c.gra;1547;1435;0.000481;1;62
gd96a.gra;323273;278181;0.004606;1;1096
gd96b.gra;2168;1998;0.000556;1;111
gd96c.gra;1220;1196;0.000456;1;65
gd96d.gra;6076;5724;0.000806;1;180
hc10.gra;471274;470870;0.01152;1;1024
mesh33x33.gra;103258;100322;0.00508;1;1089
randomA1.gra;1332299;1215261;0.009539;1;1000
randomA2.gra;1893903;1778275;0.034784;1;1000
randomA3.gra;1710504;1620886;0.061011;1;1000
randomA4.gra;1602782;1459816;0.015348;1;1000
randomG4.gra;1101614;1015023;0.017681;1;1000
small.gra;14;13;0.000181;1;5
whitaker3.gra;13011916;12343887;0.067039;1;9800
3elt.gra;4007243;3022388;0.083545;10;47200
airfoil1.gra;3195898;1975838;0.07505;10;42530
basic.gra;6;6;0.000485;10;40
bintree10.gra;193301;180027;0.007038;10;10230
c1y.gra;333419;287811;0.015132;10;8280
c2y.gra;443257;390105;0.014732;10;9800
c3y.gra;783101;661330;0.022025;10;13270
c4y.gra;769415;619928;0.020473;10;13660
c5y.gra;628748;527700;0.018082;10;12020
gd95c.gra;1547;1083;0.001435;10;620
gd96a.gra;323273;278181;0.015513;10;10960
gd96b.gra;2168;892;0.001649;10;1110
gd96c.gra;1220;1115;0.001333;10;650
gd96d.gra;6076;5200;0.002681;10;1800
hc10.gra;471274;470746;0.0222;10;10240
mesh33x33.gra;103258;60301;0.013767;10;10890
randomA1.gra;1332299;1098677;0.025726;10;10000
randomA2.gra;1893903;1555448;0.089722;10;10000
randomA3.gra;1751644;1597835;0.169438;10;10000
randomA4.gra;1538098;1295461;0.036552;10;10000
randomG4.gra;1225782;879493;0.035517;10;10000
small.gra;13;11;0.000514;10;50
whitaker3.gra;11741092;10737982;0.172875;10;98000
3elt.gra;3416375;2984636;0.602742;100;472000
airfoil1.gra;4093616;1811396;0.546688;100;425300
basic.gra;6;6;0.003507;100;400
bintree10.gra;187915;169073;0.047958;100;102300
c1y.gra;331368;272036;0.093679;100;82800
c2y.gra;416925;354816;0.11046;100;98000
c3y.gra;769368;645146;0.148982;100;132700
c4y.gra;715501;561688;0.152868;100;136600
c5y.gra;623087;482460;0.134823;100;120200
gd95c.gra;1523;1013;0.010989;100;6200
gd96a.gra;342174;275996;0.107725;100;109600
gd96b.gra;2168;772;0.012207;100;11100
gd96c.gra;1561;1048;0.010053;100;6500
gd96d.gra;9021;4882;0.017317;100;18000
hc10.gra;484872;470162;0.140857;100;102400
mesh33x33.gra;85720;58156;0.092974;100;108900
randomA1.gra;1273684;1087082;0.18714;100;100000
randomA2.gra;1796350;1511426;0.6479;100;100000
randomA3.gra;1923974;1564858;1.22359;100;100000
randomA4.gra;1456115;1238902;0.266316;100;100000
randomG4.gra;1231757;812010;0.253596;100;100000
small.gra;13;11;0.003621;100;500
whitaker3.gra;10584200;8432722;1.23405;100;980000
3elt.gra;3974524;3689233;0.031485;1;4720
airfoil1.gra;2561697;2350167;0.028602;1;4253
basic.gra;6;6;0.000179;1;4
bintree10.gra;187907;187905;0.002966;1;1023
c1y.gra;318345;285796;0.004294;1;828
c2y.gra;456192;409931;0.005089;1;980
c3y.gra;791292;708999;0.010596;1;1327
c4y.gra;763566;688251;0.007277;1;1366
c5y.gra;615646;522153;0.006298;1;1202
gd95c.gra;1625;1506;0.000503;1;62
gd96a.gra;343497;296869;0.004583;1;1096
gd96b.gra;1440;1329;0.000599;1;111
gd96c.gra;1189;1099;0.000456;1;65
gd96d.gra;5549;4985;0.000775;1;180
hc10.gra;470878;470530;0.009374;1;1024
mesh33x33.gra;69685;68546;0.005101;1;1089
randomA1.gra;1265838;1152978;0.009517;1;1000
randomA2.gra;1645781;1555817;0.038158;1;1000
randomA3.gra;1708286;1632643;0.062583;1;1000
randomA4.gra;1465625;1338330;0.013693;1;1000
randomG4.gra;1076654;964646;0.016803;1;1000
small.gra;14;13;0.000191;1;5
whitaker3.gra;9494572;9002514;0.066698;1;9800
3elt.gra;4618794;2910877;0.083642;10;47200
airfoil1.gra;3092379;1882662;0.075493;10;42530
basic.gra;6;6;0.000484;10;40
bintree10.gra;180011;169041;0.007054;10;10230
c1y.gra;329782;288465;0.012413;10;8280
c2y.gra;437812;380009;0.014728;10;9800
c3y.gra;729353;662645;0.021264;10;13270
c4y.gra;762531;610159;0.020568;10;13660
c5y.gra;613030;518729;0.018074;10;12020
gd95c.gra;1317;1087;0.001385;10;620
gd96a.gra;335073;279597;0.013889;10;10960
gd96b.gra;2257;1011;0.001618;10;1110
gd96c.gra;1642;1116;0.001318;10;650
gd96d.gra;6166;4999;0.002268;10;1800
hc10.gra;484680;470784;0.021466;10;10240
mesh33x33.gra;93889;58040;0.013039;10;10890
randomA1.gra;1286538;1086412;0.025905;10;10000
randomA2.gra;1714005;1538034;0.089675;10;10000
randomA3.gra;1797146;1582294;0.167338;10;10000
randomA4.gra;1436427;1343115;0.036656;10;10000
randomG4.gra;1252938;874489;0.035561;10;10000
small.gra;13;11;0.00051;10;50
whitaker3.gra;11803595;9642049;0.173467;10;98000
3elt.gra;3374282;2880117;0.602068;100;472000
airfoil1.gra;2314097;1744966;0.542702;100;425300
basic.gra;6;6;0.003349;100;400
bintree10.gra;195863;169047;0.05195;100;102300
c1y.gra;330331;272246;0.093681;100;82800
c2y.gra;412384;375345;0.110205;100;98000
c3y.gra;740836;641240;0.148753;100;132700
c4y.gra;751134;599704;0.152326;100;136600
c5y.gra;611892;475369;0.134937;100;120200
gd95c.gra;1269;1048;0.011631;100;6200
gd96a.gra;335279;271161;0.110131;100;109600
gd96b.gra;990;755;0.012069;100;11100
gd96c.gra;1327;1003;0.010464;100;6500
gd96d.gra;6512;4729;0.018271;100;18000
hc10.gra;484852;470252;0.141644;100;102400
mesh33x33.gra;92056;57402;0.094429;100;108900
randomA1.gra;1270332;1076551;0.188571;100;100000
randomA2.gra;1865997;1475777;0.651888;100;100000
randomA3.gra;1797925;1551941;1.22362;100;100000
randomA4.gra;1594036;1257737;0.267553;100;100000
randomG4.gra;1039538;835734;0.253279;100;100000
small.gra;12;11;0.003468;100;500
whitaker3.gra;11788788;9150139;1.23621;100;980000
3elt.gra;3657600;3387808;0.031508;1;4720
airfoil1.gra;1909621;1758970;0.028247;1;4253
basic.gra;6;6;0.000177;1;4
bintree10.gra;192963;192961;0.002962;1;1023
c1y.gra;329218;293674;0.00429;1;828
c2y.gra;451968;406115;0.005113;1;980
c3y.gra;763278;677902;0.007166;1;1327
c4y.gra;710104;623900;0.007885;1;1366
c5y.gra;643692;575790;0.006351;1;1202
gd95c.gra;1537;1285;0.000493;1;62
gd96a.gra;326272;293549;0.004603;1;1096
gd96b.gra;1144;1091;0.000577;1;111
gd96c.gra;1681;1568;0.00046;1;65
gd96d.gra;6247;5589;0.000922;1;180
hc10.gra;471350;471002;0.010683;1;1024
mesh33x33.gra;88110;86628;0.005078;1;1089
randomA1.gra;1272245;1149667;0.009536;1;1000
randomA2.gra;1840588;1713652;0.035728;1;1000
randomA3.gra;1783736;1694043;0.064391;1;1000
randomA4.gra;1452197;1327496;0.013742;1;1000
randomG4.gra;1017632;946049;0.015642;1;1000
small.gra;13;13;0.000195;1;5
whitaker3.gra;11534922;10973407;0.067092;1;9800
3elt.gra;3657600;3219869;0.083655;10;47200
airfoil1.gra;1909621;1758970;0.075206;10;42530
basic.gra;6;6;0.000485;10;40
bintree10.gra;192963;169229;0.007052;10;10230
c1y.gra;329218;272622;0.012581;10;8280
c2y.gra;451968;384032;0.014714;10;9800
c3y.gra;763278;650897;0.019992;10;13270
c4y.gra;710104;606238;0.020423;10;13660
c5y.gra;643692;496452;0.018;10;12020
gd95c.gra;1537;1093;0.001372;10;620
gd96a.gra;326272;278443;0.015849;10;10960
gd96b.gra;1144;838;0.001632;10;1110
gd96c.gra;1681;1060;0.001317;10;650
gd96d.gra;6247;5235;0.002304;10;1800
hc10.gra;471350;470502;0.022915;10;10240
mesh33x33.gra;93819;60686;0.013112;10;10890
randomA1.gra;1246639;1093334;0.027697;10;10000
randomA2.gra;1649482;1558670;0.089342;10;10000
randomA3.gra;1723493;1597111;0.171722;10;10000
randomA4.gra;1596731;1324408;0.036532;10;10000
randomG4.gra;1089245;888313;0.035527;10;10000
small.gra;13;11;0.000502;10;50
whitaker3.gra;12223051;10734592;0.172715;10;98000
3elt.gra;5068474;2962188;0.602041;100;472000
airfoil1.gra;3337335;1785307;0.541234;100;425300
basic.gra;6;6;0.00341;100;400
bintree10.gra;195931;169049;0.052066;100;102300
c1y.gra;336785;272835;0.093543;100;82800
c2y.gra;441361;370830;0.110296;100;98000
c3y.gra;751090;636362;0.14868;100;132700
c4y.gra;760933;584910;0.151725;100;136600
c5y.gra;614600;488453;0.135184;100;120200
gd95c.gra;1344;1060;0.010298;100;6200
gd96a.gra;322181;275864;0.105509;100;109600
gd96b.gra;1177;874;0.012105;100;11100
gd96c.gra;1619;994;0.012992;100;6500
gd96d.gra;8858;4777;0.017524;100;18000
hc10.gra;484874;470116;0.141058;100;102400
mesh33x33.gra;103737;57903;0.092921;100;108900
randomA1.gra;1312180;1063662;0.187015;100;100000
randomA2.gra;1802165;1507942;0.649563;100;100000
randomA3.gra;1681800;1573701;1.22701;100;100000
randomA4.gra;1554762;1263490;0.265111;100;100000
randomG4.gra;1138836;807447;0.253292;100;100000
small.gra;13;11;0.003562;100;500
whitaker3.gra;11721562;8717543;1.23889;100;980000
3elt.gra;3603299;3338520;0.031889;1;4720
airfoil1.gra;2717697;2494072;0.028372;1;4253
basic.gra;6;6;0.000181;1;4
bintree10.gra;193021;193019;0.002987;1;1023
c1y.gra;328120;298312;0.004328;1;828
c2y.gra;444866;403457;0.005662;1;980
c3y.gra;786519;713346;0.009398;1;1327
c4y.gra;708765;623523;0.008755;1;1366
c5y.gra;626271;546148;0.008134;1;1202
gd95c.gra;1478;1337;0.000483;1;62
gd96a.gra;329843;287587;0.005416;1;1096
gd96b.gra;1294;1166;0.000712;1;111
gd96c.gra;1771;1568;0.000556;1;65
gd96d.gra;5375;4837;0.000899;1;180
hc10.gra;471110;470706;0.010946;1;1024
mesh33x33.gra;97257;93640;0.005128;1;1089
randomA1.gra;1266914;1158260;0.01103;1;1000
randomA2.gra;1648741;1554161;0.036813;1;1000
randomA3.gra;1784770;1693697;0.061585;1;1000
randomA4.gra;1994952;1847008;0.014037;1;1000
randomG4.gra;1225253;1116531;0.014137;1;1000
small.gra;13;13;0.000217;1;5
whitaker3.gra;11293022;10715099;0.068027;1;9800
3elt.gra;3792517;3182881;0.0842;10;47200
airfoil1.gra;2198474;1745461;0.076188;10;42530
basic.gra;6;6;0.000468;10;40
bintree10.gra;193269;188753;0.007013;10;10230
c1y.gra;303481;261349;0.012415;10;8280
c2y.gra;437182;385345;0.01472;10;9800
c3y.gra;786018;641267;0.019948;10;13270
c4y.gra;767214;596799;0.020496;10;13660
c5y.gra;604410;452711;0.018264;10;12020
gd95c.gra;1145;1077;0.00139;10;620
gd96a.gra;334939;282563;0.013985;10;10960
gd96b.gra;2168;941;0.001733;10;1110
gd96c.gra;1520;1111;0.001437;10;650
gd96d.gra;6459;5083;0.002383;10;1800
hc10.gra;484908;470864;0.021495;10;10240
mesh33x33.gra;61397;61095;0.013151;10;10890
randomA1.gra;1208145;1086998;0.0258;10;10000
randomA2.gra;1756143;1503732;0.090212;10;10000
randomA3.gra;1784770;1610829;0.168321;10;10000
randomA4.gra;1994952;1305474;0.036913;10;10000
randomG4.gra;1225253;862012;0.036647;10;10000
small.gra;13;11;0.000501;10;50
whitaker3.gra;12736922;10464499;0.171622;10;98000
3elt.gra;4252965;2872366;0.604399;100;472000
airfoil1.gra;2026947;1776922;0.544713;100;425300
basic.gra;6;6;0.003565;100;400
bintree10.gra;185833;169041;0.047838;100;102300
c1y.gra;333464;272092;0.093567;100;82800
c2y.gra;433421;364257;0.11322;100;98000
c3y.gra;768891;643335;0.148988;100;132700
c4y.gra;768758;597346;0.152848;100;136600
c5y.gra;634416;504462;0.135297;100;120200
gd95c.gra;1354;972;0.010662;100;6200
gd96a.gra;334023;269074;0.105481;100;109600
gd96b.gra;2227;820;0.012439;100;11100
gd96c.gra;1551;1032;0.010978;100;6500
gd96d.gra;5988;4903;0.01853;100;18000
hc10.gra;503020;470202;0.144769;100;102400
mesh33x33.gra;61865;58116;0.093129;100;108900
randomA1.gra;1275147;1051531;0.188105;100;100000
randomA2.gra;1682449;1492855;0.65344;100;100000
randomA3.gra;1784288;1561591;1.23314;100;100000
randomA4.gra;1459195;1269549;0.264939;100;100000
randomG4.gra;1227844;809921;0.254018;100;100000
small.gra;14;11;0.003639;100;500
whitaker3.gra;12353235;8676256;1.237;100;980000
