3elt.gra;3161184;2953124;0.031503;1;4720
airfoil1.gra;2416966;2235785;0.028434;1;4253
basic.gra;6;6;0.00018;1;4
bintree10.gra;187911;187909;0.002967;1;1023
c1y.gra;323003;290899;0.004357;1;828
c2y.gra;454807;406619;0.005122;1;980
c3y.gra;764400;695306;0.009421;1;1327
c4y.gra;751720;675097;0.00729;1;1366
c5y.gra;633306;547741;0.006315;1;1202
gd95c.gra;1161;1024;0.000481;1;62
gd96a.gra;330937;297465;0.004563;1;1096
gd96b.gra;1351;1217;0.000578;1;111
gd96c.gra;1347;1235;0.000459;1;65
gd96d.gra;6295;5221;0.000777;1;180
hc10.gra;499278;498874;0.010413;1;1024
mesh33x33.gra;80706;78920;0.005149;1;1089
randomA1.gra;1317771;1179185;0.009508;1;1000
randomA2.gra;1702293;1603826;0.036677;1;1000
randomA3.gra;1787353;1700474;0.065367;1;1000
randomA4.gra;1572606;1448156;0.013757;1;1000
randomG4.gra;1205944;1103280;0.016368;1;1000
small.gra;13;11;0.000186;1;5
whitaker3.gra;11616386;11057177;0.066253;1;9800
3elt.gra;3161184;2953124;0.08337;10;47200
airfoil1.gra;2416966;1867961;0.074836;10;42530
basic.gra;6;6;0.000482;10;40
bintree10.gra;187911;180035;0.007085;10;10230
c1y.gra;323003;280484;0.016757;10;8280
c2y.gra;454807;392142;0.014775;10;9800
c3y.gra;764400;676360;0.020127;10;13270
c4y.gra;751720;613250;0.020483;10;13660
c5y.gra;633306;523529;0.018099;10;12020
gd95c.gra;1161;1024;0.001393;10;620
gd96a.gra;330937;275180;0.015156;10;10960
gd96b.gra;2204;848;0.001944;10;1110
gd96c.gra;1417;1087;0.001567;10;650
gd96d.gra;6018;5047;0.002727;10;1800
hc10.gra;471406;470624;0.021515;10;10240
mesh33x33.gra;61668;61248;0.01437;10;10890
randomA1.gra;1314936;1085435;0.025592;10;10000
randomA2.gra;1652588;1533482;0.088964;10;10000
randomA3.gra;1765382;1577942;0.168307;10;10000
randomA4.gra;1484939;1289675;0.037189;10;10000
randomG4.gra;1016198;932962;0.035412;10;10000
small.gra;13;11;0.000489;10;50
whitaker3.gra;10819017;8769320;0.17332;10;98000
3elt.gra;3346601;2894890;0.601805;100;472000
airfoil1.gra;2245501;1782735;0.538489;100;425300
basic.gra;6;6;0.003323;100;400
bintree10.gra;189615;169079;0.04907;100;102300
c1y.gra;324529;273527;0.093403;100;82800
c2y.gra;442546;365761;0.110601;100;98000
c3y.gra;789421;630418;0.150642;100;132700
c4y.gra;699907;582704;0.152744;100;136600
c5y.gra;650236;478973;0.135323;100;120200
gd95c.gra;1377;1027;0.010283;100;6200
gd96a.gra;314343;275544;0.106017;100;109600
gd96b.gra;1068;774;0.012523;100;11100
gd96c.gra;1154;990;0.009886;100;6500
gd96d.gra;6183;4968;0.017602;100;18000
hc10.gra;514408;470284;0.141802;100;102400
mesh33x33.gra;104575;58768;0.094057;100;108900
randomA1.gra;1245413;1096800;0.188364;100;100000
randomA2.gra;1699217;1513276;0.648531;100;100000
randomA3.gra;1747026;1565359;1.21657;100;100000
randomA4.gra;1458482;1257910;0.262756;100;100000
randomG4.gra;1013981;844595;0.252882;100;100000
small.gra;13;11;0.003491;100;500
whitaker3.gra;10832935;8562665;1.23197;100;980000
3elt.gra;3275247;3064636;0.032177;1;4720
airfoil1.gra;2307160;2135014;0.028221;1;4253
basic.gra;6;6;0.000177;1;4
bintree10.gra;189903;189901;0.002972;1;1023
c1y.gra;330559;298586;0.004293;1;828
c2y.gra;442234;400336;0.005103;1;980
c3y.gra;779786;696983;0.010318;1;1327
c4y.gra;776611;686832;0.00735;1;1366
c5y.gra;628805;547453;0.006353;1;1202
gd95c.gra;1974;1795;0.000489;1;62
gd96a.gra;330176;290001;0.004734;1;1096
gd96b.gra;1477;1366;0.000597;1;111
gd96c.gra;1286;1212;0.000459;1;65
gd96d.gra;6222;5452;0.000756;1;180
hc10.gra;484700;484320;0.009404;1;1024
mesh33x33.gra;64291;62848;0.005102;1;1089
randomA1.gra;1218484;1106949;0.009602;1;1000
randomA2.gra;1747063;1644521;0.033248;1;1000
randomA3.gra;1742368;1649837;0.061367;1;1000
randomA4.gra;1487973;1373034;0.016143;1;1000
randomG4.gra;1029030;932505;0.015297;1;1000
small.gra;12;12;0.000217;1;5
whitaker3.gra;11260418;10674654;0.066225;1;9800
3elt.gra;4519291;3095903;0.083226;10;47200
airfoil1.gra;2666642;1835158;0.076648;10;42530
basic.gra;6;6;0.000473;10;40
bintree10.gra;195679;185833;0.007031;10;10230
c1y.gra;330439;278726;0.012431;10;8280
c2y.gra;450242;384386;0.014882;10;9800
c3y.gra;777309;674896;0.020014;10;13270
c4y.gra;774766;621474;0.020574;10;13660
c5y.gra;607344;503146;0.018182;10;12020
gd95c.gra;1326;1069;0.001394;10;620
gd96a.gra;331455;277315;0.015161;10;10960
gd96b.gra;1518;807;0.002053;10;1110
gd96c.gra;1375;1108;0.001325;10;650
gd96d.gra;5955;4802;0.002255;10;1800
hc10.gra;488426;470234;0.023103;10;10240
mesh33x33.gra;88071;70946;0.013204;10;10890
randomA1.gra;1321776;1066736;0.025709;10;10000
randomA2.gra;1727409;1534193;0.091727;10;10000
randomA3.gra;1742368;1613408;0.169627;10;10000
randomA4.gra;1487973;1307844;0.039092;10;10000
randomG4.gra;1029030;856771;0.035499;10;10000
small.gra;12;11;0.000487;10;50
whitaker3.gra;11260418;10356632;0.172974;10;98000
3elt.gra;3562523;2952433;0.601875;100;472000
airfoil1.gra;2404756;1773286;0.540896;100;425300
basic.gra;6;6;0.003588;100;400
bintree10.gra;191025;169085;0.049977;100;102300
c1y.gra;333858;275014;0.093588;100;82800
c2y.gra;457152;362104;0.110779;100;98000
c3y.gra;776246;637993;0.151785;100;132700
c4y.gra;782276;594771;0.157602;100;136600
c5y.gra;624673;497434;0.135056;100;120200
gd95c.gra;1481;1025;0.010518;100;6200
gd96a.gra;329426;273562;0.108073;100;109600
gd96b.gra;1295;831;0.015157;100;11100
gd96c.gra;1400;1026;0.010412;100;6500
gd96d.gra;6160;4798;0.0187;100;18000
hc10.gra;488280;470180;0.141452;100;102400
mesh33x33.gra;62187;57403;0.093922;100;108900
randomA1.gra;1252181;1067887;0.186755;100;100000
randomA2.gra;1831172;1499162;0.649131;100;100000
randomA3.gra;1826082;1560730;1.22818;100;100000
randomA4.gra;1544121;1251832;0.262804;100;100000
randomG4.gra;1197323;833620;0.253482;100;100000
small.gra;13;11;0.003525;100;500
whitaker3.gra;12460857;8521847;1.23783;100;980000
3elt.gra;4186119;3871052;0.031408;1;4720
airfoil1.gra;2513771;2314421;0.028358;1;4253
basic.gra;6;6;0.000177;1;4
bintree10.gra;193047;193045;0.002939;1;1023
c1y.gra;321345;293962;0.00434;1;828
c2y.gra;446130;409233;0.005137;1;980
c3y.gra;714873;641764;0.008936;1;1327
c4y.gra;755091;661199;0.007249;1;1366
c5y.gra;635613;545874;0.006333;1;1202
gd95c.gra;1428;1295;0.000482;1;62
gd96a.gra;325561;279227;0.005411;1;1096
gd96b.gra;1462;1382;0.000705;1;111
gd96c.gra;1175;1074;0.000553;1;65
gd96d.gra;5795;5343;0.001117;1;180
hc10.gra;488286;487882;0.011849;1;1024
mesh33x33.gra;93506;91738;0.005081;1;1089
randomA1.gra;1245698;1120496;0.009563;1;1000
randomA2.gra;1603631;1514526;0.03306;1;1000
randomA3.gra;1779212;1698670;0.063526;1;1000
randomA4.gra;1653928;1524441;0.013918;1;1000
randomG4.gra;1094453;1008417;0.016315;1;1000
small.gra;14;13;0.000186;1;5
whitaker3.gra;12595303;11902851;0.066251;1;9800
3elt.gra;4186119;2972141;0.083539;10;47200
airfoil1.gra;2513771;1838647;0.074939;10;42530
basic.gra;6;6;0.000467;10;40
bintree10.gra;193047;169175;0.007134;10;10230
c1y.gra;321345;273306;0.012494;10;8280
c2y.gra;446130;393213;0.014748;10;9800
c3y.gra;714873;641764;0.021068;10;13270
c4y.gra;766119;642381;0.020102;10;13660
c5y.gra;620819;509189;0.018087;10;12020
gd95c.gra;1452;1109;0.001403;10;620
gd96a.gra;335302;275461;0.01575;10;10960
gd96b.gra;1416;857;0.002043;10;1110
gd96c.gra;1174;1099;0.00159;10;650
gd96d.gra;9095;5192;0.002634;10;1800
hc10.gra;488418;471280;0.021527;10;10240
mesh33x33.gra;67817;60565;0.013239;10;10890
randomA1.gra;1329185;1096619;0.025646;10;10000
randomA2.gra;1634196;1517242;0.089375;10;10000
randomA3.gra;1798013;1611453;0.16728;10;10000
randomA4.gra;1717017;1317052;0.036781;10;10000
randomG4.gra;1229415;918118;0.035713;10;10000
small.gra;12;11;0.000516;10;50
whitaker3.gra;13108282;8483391;0.173912;10;98000
3elt.gra;4623164;2833881;0.606019;100;472000
airfoil1.gra;2393838;1769498;0.541003;100;425300
basic.gra;6;6;0.003347;100;400
bintree10.gra;192573;169047;0.049103;100;102300
c1y.gra;319469;278010;0.095378;100;82800
c2y.gra;430524;367124;0.113052;100;98000
c3y.gra;759913;643511;0.149237;100;132700
c4y.gra;710194;590419;0.154283;100;136600
c5y.gra;640056;479274;0.136696;100;120200
gd95c.gra;1188;1031;0.010479;100;6200
gd96a.gra;337476;271232;0.107988;100;109600
gd96b.gra;1315;807;0.013942;100;11100
gd96c.gra;1457;1013;0.012947;100;6500
gd96d.gra;6467;4547;0.017208;100;18000
hc10.gra;499234;470150;0.141363;100;102400
mesh33x33.gra;100805;57772;0.096064;100;108900
randomA1.gra;1291555;1078617;0.18811;100;100000
randomA2.gra;1672992;1495919;0.650102;100;100000
randomA3.gra;1857198;1570968;1.22245;100;100000
randomA4.gra;1590085;1248109;0.262713;100;100000
randomG4.gra;1235393;810921;0.253827;100;100000
small.gra;12;11;0.003603;100;500
whitaker3.gra;10403565;8706452;1.22918;100;980000
3elt.gra;3163402;2968772;0.031524;1;4720
airfoil1.gra;2893917;2656910;0.0285;1;4253
basic.gra;6;6;0.000176;1;4
bintree10.gra;189897;189895;0.002946;1;1023
c1y.gra;320069;285722;0.004314;1;828
c2y.gra;440627;400393;0.005161;1;980
c3y.gra;788389;712311;0.007535;1;1327
c4y.gra;737487;663307;0.008639;1;1366
c5y.gra;637224;576291;0.007048;1;1202
gd95c.gra;1298;1196;0.000485;1;62
gd96a.gra;331644;294066;0.004581;1;1096
gd96b.gra;2204;2033;0.00058;1;111
gd96c.gra;1733;1603;0.000557;1;65
gd96d.gra;6216;5536;0.000901;1;180
hc10.gra;488556;488152;0.011258;1;1024
mesh33x33.gra;63241;62880;0.005657;1;1089
randomA1.gra;1262876;1134267;0.009918;1;1000
randomA2.gra;1721428;1613368;0.036406;1;1000
randomA3.gra;1695053;1614425;0.065655;1;1000
randomA4.gra;1498375;1362699;0.013786;1;1000
randomG4.gra;1257552;1139704;0.016371;1;1000
small.gra;13;13;0.000187;1;5
whitaker3.gra;12325540;11667648;0.066813;1;9800
3elt.gra;3478616;2906017;0.083602;10;47200
airfoil1.gra;2032618;1891171;0.077597;10;42530
basic.gra;6;6;0.000498;10;40
bintree10.gra;192963;169049;0.007082;10;10230
c1y.gra;331173;279392;0.014044;10;8280
c2y.gra;451674;387918;0.016756;10;9800
c3y.gra;781644;675537;0.020036;10;13270
c4y.gra;718794;635858;0.020149;10;13660
c5y.gra;637224;494820;0.01949;10;12020
gd95c.gra;1298;1091;0.001391;10;620
gd96a.gra;331644;278406;0.015835;10;10960
gd96b.gra;2204;962;0.001675;10;1110
gd96c.gra;1733;1067;0.001317;10;650
gd96d.gra;6216;4849;0.002628;10;1800
hc10.gra;488556;470504;0.023513;10;10240
mesh33x33.gra;63241;58776;0.013183;10;10890
randomA1.gra;1262876;1123139;0.028262;10;10000
randomA2.gra;1721428;1538236;0.088986;10;10000
randomA3.gra;1695053;1563297;0.167135;10;10000
randomA4.gra;1645744;1301657;0.036504;10;10000
randomG4.gra;996576;903872;0.035734;10;10000
small.gra;12;11;0.000496;10;50
whitaker3.gra;13219232;10911241;0.172561;10;98000
3elt.gra;4230514;2912913;0.602004;100;472000
airfoil1.gra;2639309;1815013;0.542957;100;425300
basic.gra;6;6;0.00353;100;400
bintree10.gra;182369;169041;0.052296;100;102300
c1y.gra;330908;261705;0.095596;100;82800
c2y.gra;427609;361653;0.110413;100;98000
c3y.gra;743579;657008;0.151083;100;132700
c4y.gra;785261;590550;0.152289;100;136600
c5y.gra;595341;496442;0.135096;100;120200
gd95c.gra;1293;987;0.010329;100;6200
gd96a.gra;335163;275654;0.106031;100;109600
gd96b.gra;1445;847;0.015039;100;11100
gd96c.gra;1382;1060;0.009848;100;6500
gd96d.gra;6807;4759;0.017262;100;18000
hc10.gra;499236;470434;0.141097;100;102400
mesh33x33.gra;92245;58025;0.096652;100;108900
randomA1.gra;1210352;1059979;0.18762;100;100000
randomA2.gra;1709489;1502377;0.650378;100;100000
randomA3.gra;1797140;1562171;1.21671;100;100000
randomA4.gra;1759158;1274305;0.262927;100;100000
randomG4.gra;1167491;833055;0.255217;100;100000
small.gra;12;11;0.003497;100;500
whitaker3.gra;12642744;8836473;1.23293;100;980000
3elt.gra;4079829;3803714;0.031613;1;4720
airfoil1.gra;2346905;2148552;0.02929;1;4253
basic.gra;6;6;0.000179;1;4
bintree10.gra;193161;193159;0.002992;1;1023
c1y.gra;304730;274129;0.004476;1;828
c2y.gra;445572;397959;0.006127;1;980
c3y.gra;754867;683746;0.00826;1;1327
c4y.gra;800807;705092;0.007208;1;1366
c5y.gra;617890;536797;0.006408;1;1202
gd95c.gra;1510;1406;0.000473;1;62
gd96a.gra;332143;288490;0.004574;1;1096
gd96b.gra;859;821;0.000584;1;111
gd96c.gra;1181;1123;0.000456;1;65
gd96d.gra;5929;5305;0.000779;1;180
hc10.gra;471584;471236;0.01069;1;1024
mesh33x33.gra;85175;83485;0.006083;1;1089
randomA1.gra;1317364;1192889;0.0103;1;1000
randomA2.gra;1786496;1687466;0.034204;1;1000
randomA3.gra;1798899;1706142;0.06342;1;1000
randomA4.gra;1534143;1427930;0.014056;1;1000
randomG4.gra;1246786;1138647;0.017448;1;1000
small.gra;14;13;0.000189;1;5
whitaker3.gra;11327318;10706402;0.065937;1;9800
3elt.gra;4079829;3005073;0.08513;10;47200
airfoil1.gra;2346905;2062372;0.074918;10;42530
basic.gra;6;6;0.000464;10;40
bintree10.gra;195775;169039;0.007034;10;10230
c1y.gra;332095;280255;0.015142;10;8280
c2y.gra;458100;380791;0.014831;10;9800
c3y.gra;731923;633665;0.024014;10;13270
c4y.gra;767090;656308;0.020436;10;13660
c5y.gra;618906;530956;0.018144;10;12020
gd95c.gra;1338;1168;0.001389;10;620
gd96a.gra;328263;275387;0.013862;10;10960
gd96b.gra;2229;828;0.001678;10;1110
gd96c.gra;1170;1091;0.001318;10;650
gd96d.gra;8745;4921;0.00225;10;1800
hc10.gra;488346;470720;0.021585;10;10240
mesh33x33.gra;76211;60511;0.014292;10;10890
randomA1.gra;1171027;1043086;0.025609;10;10000
randomA2.gra;1685553;1523532;0.095334;10;10000
randomA3.gra;1845876;1617684;0.174425;10;10000
randomA4.gra;1497550;1305813;0.036433;10;10000
randomG4.gra;1210146;831881;0.036035;10;10000
small.gra;13;11;0.000497;10;50
whitaker3.gra;11571054;8903209;0.173558;10;98000
3elt.gra;4247003;2816530;0.60098;100;472000
airfoil1.gra;2510692;1810664;0.541119;100;425300
basic.gra;6;6;0.003606;100;400
bintree10.gra;195699;169039;0.052319;100;102300
c1y.gra;334155;274616;0.093464;100;82800
c2y.gra;435549;359332;0.112543;100;98000
c3y.gra;751983;645587;0.15217;100;132700
c4y.gra;762459;599036;0.153143;100;136600
c5y.gra;607961;489198;0.135069;100;120200
gd95c.gra;1400;1017;0.012186;100;6200
gd96a.gra;324962;274668;0.106738;100;109600
gd96b.gra;1397;804;0.012308;100;11100
gd96c.gra;1463;1014;0.010035;100;6500
gd96d.gra;6463;4816;0.017428;100;18000
hc10.gra;471272;470494;0.142547;100;102400
mesh33x33.gra;63543;57233;0.095456;100;108900
randomA1.gra;1257612;1068863;0.187711;100;100000
randomA2.gra;1722058;1475289;0.649976;100;100000
randomA3.gra;1811592;1585059;1.21869;100;100000
randomA4.gra;1575086;1237863;0.261745;100;100000
randomG4.gra;1000754;802408;0.254047;100;100000
small.gra;14;11;0.00347;100;500
whitaker3.gra;12388684;8392802;1.23104;100;980000
3elt.gra;4303333;4001193;0.032862;1;4720
airfoil1.gra;2465588;2291787;0.028403;1;4253
basic.gra;6;6;0.000179;1;4
bintree10.gra;193607;193605;0.002957;1;1023
c1y.gra;329469;299897;0.004327;1;828
c2y.gra;447135;401910;0.005325;1;980
c3y.gra;758414;688791;0.009915;1;1327
c4y.gra;759610;687280;0.007207;1;1366
c5y.gra;628077;554267;0.006843;1;1202
gd95c.gra;1431;1292;0.000484;1;62
gd96a.gra;327386;297119;0.004714;1;1096
gd96b.gra;1086;915;0.000603;1;111
gd96c.gra;1496;1258;0.000466;1;65
gd96d.gra;8833;8643;0.000738;1;180
hc10.gra;484988;484608;0.010681;1;1024
mesh33x33.gra;64028;62695;0.005111;1;1089
randomA1.gra;1337307;1207285;0.010874;1;1000
randomA2.gra;1653701;1559414;0.037001;1;1000
randomA3.gra;1624777;1547304;0.061023;1;1000
randomA4.gra;1411083;1294082;0.014103;1;1000
randomG4.gra;1146006;1056223;0.015756;1;1000
small.gra;14;13;0.000183;1;5
whitaker3.gra;10613712;10047544;0.06717;1;9800
3elt.gra;4303333;3044986;0.083378;10;47200
airfoil1.gra;2465588;1885791;0.074678;10;42530
basic.gra;6;6;0.000465;10;40
bintree10.gra;193607;184693;0.007044;10;10230
c1y.gra;329469;275114;0.012428;10;8280
c2y.gra;447135;394580;0.014798;10;9800
c3y.gra;758414;668721;0.019943;10;13270
c4y.gra;759610;650008;0.020476;10;13660
c5y.gra;628077;518654;0.018087;10;12020
gd95c.gra;1431;1154;0.001393;10;620
gd96a.gra;327386;283631;0.013809;10;10960
gd96b.gra;1086;840;0.001658;10;1110
gd96c.gra;1496;1084;0.001302;10;650
gd96d.gra;8833;5185;0.002231;10;1800
hc10.gra;484988;484498;0.024133;10;10240
mesh33x33.gra;64028;60556;0.01329;10;10890
randomA1.gra;1337307;1090419;0.025668;10;10000
randomA2.gra;1653701;1536998;0.090041;10;10000
randomA3.gra;1624777;1547304;0.168342;10;10000
randomA4.gra;1598633;1333875;0.03641;10;10000
randomG4.gra;1162187;874355;0.035508;10;10000
small.gra;13;11;0.000488;10;50
whitaker3.gra;11796655;9744261;0.173016;10;98000
3elt.gra;4364214;2867358;0.60164;100;472000
airfoil1.gra;2255802;1825933;0.539707;100;425300
basic.gra;6;6;0.003341;100;400
bintree10.gra;182371;169041;0.05219;100;102300
c1y.gra;337828;268527;0.095288;100;82800
c2y.gra;443071;369440;0.110439;100;98000
c3y.gra;761979;638580;0.14912;100;132700
c4y.gra;783394;588283;0.152621;100;136600
c5y.gra;613276;488763;0.135043;100;120200
gd95c.gra;1336;988;0.012226;100;6200
gd96a.gra;340014;272807;0.107728;100;109600
gd96b.gra;1500;795;0.014643;100;11100
gd96c.gra;1105;1024;0.010169;100;6500
gd96d.gra;6190;4749;0.018818;100;18000
hc10.gra;488260;470294;0.142296;100;102400
mesh33x33.gra;64912;58496;0.093639;100;108900
randomA1.gra;1258083;1068210;0.187909;100;100000
randomA2.gra;1816924;1514840;0.649619;100;100000
randomA3.gra;1685506;1577773;1.22176;100;100000
randomA4.gra;1447855;1253516;0.261699;100;100000
randomG4.gra;1004567;810758;0.253617;100;100000
small.gra;13;11;0.00373;100;500
whitaker3.gra;11693609;8573431;1.23357;100;980000
3elt.gra;3451445;3224350;0.031558;1;4720
airfoil1.gra;2348116;2170814;0.028229;1;4253
basic.gra;6;6;0.000178;1;4
bintree10.gra;195787;195785;0.002972;1;1023
c1y.gra;331882;299921;0.004281;1;828
c2y.gra;421678;387137;0.00523;1;980
c3y.gra;773009;700485;0.008461;1;1327
c4y.gra;782051;690757;0.008179;1;1366
c5y.gra;612609;531832;0.008962;1;1202
gd95c.gra;1238;1163;0.00048;1;62
gd96a.gra;330460;279447;0.004595;1;1096
gd96b.gra;1102;1023;0.000583;1;111
gd96c.gra;1181;1141;0.000453;1;65
gd96d.gra;6093;5345;0.000759;1;180
hc10.gra;471112;470708;0.011334;1;1024
mesh33x33.gra;72566;71059;0.00506;1;1089
randomA1.gra;1414140;1252103;0.00956;1;1000
randomA2.gra;1851924;1736276;0.038964;1;1000
randomA3.gra;1809447;1723757;0.06373;1;1000
randomA4.gra;1471542;1351358;0.01379;1;1000
randomG4.gra;925533;853897;0.015041;1;1000
small.gra;13;11;0.000183;1;5
whitaker3.gra;10736451;10209165;0.066808;1;9800
3elt.gra;3451445;2918783;0.0832;10;47200
airfoil1.gra;2757003;2092035;0.074687;10;42530
basic.gra;6;6;0.000463;10;40
bintree10.gra;196275;185824;0.007065;10;10230
c1y.gra;313483;274365;0.015134;10;8280
c2y.gra;444476;392039;0.014723;10;9800
c3y.gra;777918;679548;0.023935;10;13270
c4y.gra;778408;639536;0.020545;10;13660
c5y.gra;629104;474255;0.018054;10;12020
gd95c.gra;1370;1064;0.001372;10;620
gd96a.gra;331159;281713;0.015611;10;10960
gd96b.gra;1227;826;0.001982;10;1110
gd96c.gra;1262;1077;0.001561;10;650
gd96d.gra;6161;4947;0.002721;10;1800
hc10.gra;488104;470786;0.021734;10;10240
mesh33x33.gra;61991;60863;0.013189;10;10890
randomA1.gra;1241141;1108706;0.025702;10;10000
randomA2.gra;1795189;1512157;0.089662;10;10000
randomA3.gra;1884528;1623062;0.169428;10;10000
randomA4.gra;1507165;1360273;0.039244;10;10000
randomG4.gra;1052970;889542;0.035504;10;10000
small.gra;13;11;0.000514;10;50
whitaker3.gra;10816344;9676817;0.172178;10;98000
3elt.gra;2982663;2738161;0.600096;100;472000
airfoil1.gra;3189485;1810511;0.539059;100;425300
basic.gra;6;6;0.003351;100;400
bintree10.gra;190465;169079;0.049621;100;102300
c1y.gra;327714;268434;0.09367;100;82800
c2y.gra;435680;373369;0.110642;100;98000
c3y.gra;776634;620548;0.149011;100;132700
c4y.gra;783393;577789;0.15297;100;136600
c5y.gra;615157;486060;0.135121;100;120200
gd95c.gra;1414;1037;0.010509;100;6200
gd96a.gra;334330;271729;0.106163;100;109600
gd96b.gra;1352;823;0.014018;100;11100
gd96c.gra;1416;1003;0.010028;100;6500
gd96d.gra;6292;4780;0.017004;100;18000
hc10.gra;503048;470360;0.144558;100;102400
mesh33x33.gra;64641;57912;0.095388;100;108900
randomA1.gra;1266883;1067251;0.18656;100;100000
randomA2.gra;1627684;1512079;0.647312;100;100000
randomA3.gra;1728780;1558667;1.22415;100;100000
randomA4.gra;1903747;1277184;0.262602;100;100000
randomG4.gra;941446;803895;0.253755;100;100000
small.gra;13;11;0.003494;100;500
whitaker3.gra;12406871;8774226;1.23436;100;980000
3elt.gra;4264847;3951345;0.032205;1;4720
airfoil1.gra;2980411;2753823;0.028205;1;4253
basic.gra;6;6;0.00018;1;4
bintree10.gra;188765;188763;0.002992;1;1023
c1y.gra;328624;298588;0.004324;1;828
c2y.gra;436131;394407;0.00561;1;980
c3y.gra;764614;690697;0.008988;1;1327
c4y.gra;748427;659327;0.008008;1;1366
c5y.gra;634568;553124;0.006328;1;1202
gd95c.gra;1356;1242;0.000481;1;62
gd96a.gra;339187;297757;0.00459;1;1096
gd96b.gra;1302;1070;0.000612;1;111
gd96c.gra;1151;1098;0.000484;1;65
gd96d.gra;6926;6073;0.000761;1;180
hc10.gra;471108;470760;0.009901;1;1024
mesh33x33.gra;105789;103317;0.006119;1;1089
randomA1.gra;1322220;1183851;0.009476;1;1000
randomA2.gra;1697878;1593974;0.035221;1;1000
randomA3.gra;1725082;1634752;0.065291;1;1000
randomA4.gra;1501475;1387643;0.013839;1;1000
randomG4.gra;1217312;1113472;0.01494;1;1000
small.gra;13;13;0.000185;1;5
whitaker3.gra;12795577;12176330;0.066696;1;9800
3elt.gra;4264847;2977410;0.084532;10;47200
airfoil1.gra;2980411;2028401;0.074952;10;42530
basic.gra;6;6;0.000479;10;40
bintree10.gra;188765;169039;0.007065;10;10230
c1y.gra;328624;285055;0.01377;10;8280
c2y.gra;436131;384092;0.014913;10;9800
c3y.gra;764614;656534;0.024686;10;13270
c4y.gra;748427;643903;0.020426;10;13660
c5y.gra;634568;520917;0.018106;10;12020
gd95c.gra;1356;1154;0.001395;10;620
gd96a.gra;339187;285234;0.015862;10;10960
gd96b.gra;1302;1070;0.001659;10;1110
gd96c.gra;1151;1075;0.001327;10;650
gd96d.gra;6926;5307;0.002353;10;1800
hc10.gra;471108;470554;0.021344;10;10240
mesh33x33.gra;105789;59027;0.013093;10;10890
randomA1.gra;1322220;1121144;0.025643;10;10000
randomA2.gra;1697878;1545008;0.089973;10;10000
randomA3.gra;1753271;1625200;0.16772;10;10000
randomA4.gra;1399995;1288134;0.040449;10;10000
randomG4.gra;944790;864969;0.03711;10;10000
small.gra;13;12;0.000512;10;50
whitaker3.gra;8870359;8435436;0.171996;10;98000
3elt.gra;4007151;2849290;0.599969;100;472000
airfoil1.gra;2114402;1789580;0.542439;100;425300
basic.gra;6;6;0.003355;100;400
bintree10.gra;195715;169041;0.049287;100;102300
c1y.gra;328102;261474;0.093486;100;82800
c2y.gra;452963;361122;0.110617;100;98000
c3y.gra;786251;642047;0.151787;100;132700
c4y.gra;754457;598059;0.152839;100;136600
c5y.gra;613096;471572;0.135131;100;120200
gd95c.gra;1416;948;0.010356;100;6200
gd96a.gra;337699;272962;0.106196;100;109600
gd96b.gra;1341;837;0.012621;100;11100
gd96c.gra;1499;963;0.010256;100;6500
gd96d.gra;6535;4755;0.018509;100;18000
hc10.gra;471500;470506;0.141321;100;102400
mesh33x33.gra;90497;58757;0.094132;100;108900
randomA1.gra;1273792;1060144;0.186151;100;100000
randomA2.gra;1703561;1518537;0.646267;100;100000
randomA3.gra;1772905;1583536;1.22082;100;100000
randomA4.gra;1459657;1278698;0.26215;100;100000
randomG4.gra;1226123;818978;0.254086;100;100000
small.gra;14;11;0.003709;100;500
whitaker3.gra;12377881;8733929;1.23317;100;980000
3elt.gra;4498728;4174036;0.031477;1;4720
airfoil1.gra;3872400;3567594;0.028404;1;4253
basic.gra;6;6;0.000175;1;4
bintree10.gra;193271;193269;0.00297;1;1023
c1y.gra;325291;292985;0.004368;1;828
c2y.gra;454356;404620;0.005172;1;980
c3y.gra;788538;718119;0.007298;1;1327
c4y.gra;771921;695889;0.007279;1;1366
c5y.gra;635637;555159;0.006352;1;1202
gd95c.gra;1136;1055;0.000503;1;62
gd96a.gra;322593;294872;0.004585;1;1096
gd96b.gra;1181;1122;0.000595;1;111
gd96c.gra;1237;1131;0.000457;1;65
gd96d.gra;5668;5050;0.000795;1;180
hc10.gra;488578;488174;0.009451;1;1024
mesh33x33.gra;83383;81769;0.005084;1;1089
randomA1.gra;1295956;1169563;0.009596;1;1000
randomA2.gra;1737503;1640490;0.03461;1;1000
randomA3.gra;1843583;1750960;0.065741;1;1000
randomA4.gra;1525576;1402317;0.013823;1;1000
randomG4.gra;1206402;1103519;0.016262;1;1000
small.gra;12;12;0.000186;1;5
whitaker3.gra;12390100;11772089;0.066255;1;9800
3elt.gra;3488852;2890893;0.08361;10;47200
airfoil1.gra;2042980;1895128;0.07513;10;42530
basic.gra;6;6;0.000487;10;40
bintree10.gra;195635;182369;0.007074;10;10230
c1y.gra;337491;281911;0.015202;10;8280
c2y.gra;446721;364827;0.014736;10;9800
c3y.gra;758438;627590;0.021348;10;13270
c4y.gra;784989;628809;0.020598;10;13660
c5y.gra;616994;497170;0.018138;10;12020
gd95c.gra;1426;1085;0.001413;10;620
gd96a.gra;326528;277070;0.013952;10;10960
gd96b.gra;1301;959;0.001711;10;1110
gd96c.gra;1592;1059;0.001508;10;650
gd96d.gra;9095;5337;0.002274;10;1800
hc10.gra;488142;484168;0.021463;10;10240
mesh33x33.gra;94299;61922;0.013221;10;10890
randomA1.gra;1305912;1069068;0.025746;10;10000
randomA2.gra;1717519;1540687;0.09091;10;10000
randomA3.gra;1783027;1600952;0.168273;10;10000
randomA4.gra;1525576;1298892;0.037573;10;10000
randomG4.gra;1206402;842614;0.035444;10;10000
small.gra;12;11;0.000489;10;50
whitaker3.gra;12390100;9791663;0.173706;10;98000
3elt.gra;4230822;2934793;0.600231;100;472000
airfoil1.gra;4441295;1804494;0.543431;100;425300
basic.gra;6;6;0.00361;100;400
bintree10.gra;195595;169039;0.052096;100;102300
c1y.gra;322416;274312;0.093431;100;82800
c2y.gra;446932;366246;0.110347;100;98000
c3y.gra;768448;657087;0.150403;100;132700
c4y.gra;745329;578330;0.15232;100;136600
c5y.gra;637141;486829;0.135268;100;120200
gd95c.gra;1502;1022;0.01035;100;6200
gd96a.gra;322103;276049;0.106405;100;109600
gd96b.gra;1173;787;0.01243;100;11100
gd96c.gra;1494;994;0.011347;100;6500
gd96d.gra;6806;4777;0.018371;100;18000
hc10.gra;488424;470418;0.145059;100;102400
mesh33x33.gra;88079;58514;0.096536;100;108900
randomA1.gra;1277645;1062423;0.186623;100;100000
randomA2.gra;1585970;1492569;0.651037;100;100000
randomA3.gra;1742202;1571382;1.22219;100;100000
randomA4.gra;1479666;1280743;0.26274;100;100000
randomG4.gra;1181886;818425;0.252689;100;100000
small.gra;12;11;0.003501;100;500
whitaker3.gra;11230706;8857148;1.23442;100;980000
3elt.gra;4915532;4548460;0.031802;1;4720
airfoil1.gra;3612331;3334601;0.028782;1;4253
basic.gra;6;6;0.000175;1;4
bintree10.gra;195711;195709;0.003072;1;1023
c1y.gra;331386;297596;0.004352;1;828
c2y.gra;450604;404797;0.005155;1;980
c3y.gra;771734;701683;0.008306;1;1327
c4y.gra;776833;686558;0.007259;1;1366
c5y.gra;634852;556166;0.006527;1;1202
gd95c.gra;1121;1035;0.000478;1;62
gd96a.gra;339946;290623;0.004553;1;1096
gd96b.gra;2229;2058;0.000562;1;111
gd96c.gra;1201;1099;0.000456;1;65
gd96d.gra;6173;5597;0.000777;1;180
hc10.gra;488266;487954;0.010331;1;1024
mesh33x33.gra;89431;88131;0.006102;1;1089
randomA1.gra;1277075;1154832;0.009866;1;1000
randomA2.gra;1699744;1604312;0.034541;1;1000
randomA3.gra;1696762;1605800;0.066479;1;1000
randomA4.gra;1577396;1434018;0.013749;1;1000
randomG4.gra;1107764;1019956;0.017724;1;1000
small.gra;14;13;0.000241;1;5
whitaker3.gra;11878574;11305459;0.067032;1;9800
3elt.gra;4915532;3102310;0.083322;10;47200
airfoil1.gra;3612331;1869720;0.075179;10;42530
basic.gra;6;6;0.000476;10;40
bintree10.gra;195711;169079;0.007037;10;10230
c1y.gra;331386;282940;0.012473;10;8280
c2y.gra;450604;392406;0.014739;10;9800
c3y.gra;771734;691153;0.022013;10;13270
c4y.gra;776833;610060;0.020527;10;13660
c5y.gra;634852;537675;0.018048;10;12020
gd95c.gra;1802;1099;0.001402;10;620
gd96a.gra;345872;282362;0.013829;10;10960
gd96b.gra;1226;934;0.001702;10;1110
gd96c.gra;1332;1084;0.001304;10;650
gd96d.gra;6454;5122;0.002342;10;1800
hc10.gra;484984;470502;0.021504;10;10240
mesh33x33.gra;97915;61054;0.01451;10;10890
randomA1.gra;1239137;1104872;0.025636;10;10000
randomA2.gra;1609066;1494573;0.088874;10;10000
randomA3.gra;1799615;1601484;0.16696;10;10000
randomA4.gra;1710369;1323365;0.036459;10;10000
randomG4.gra;981104;912186;0.03687;10;10000
small.gra;14;11;0.000506;10;50
whitaker3.gra;11664557;10679812;0.172435;10;98000
3elt.gra;3616636;2884519;0.601312;100;472000
airfoil1.gra;2507709;1815793;0.54061;100;425300
basic.gra;6;6;0.003441;100;400
bintree10.gra;180039;169043;0.052412;100;102300
c1y.gra;331380;275571;0.095351;100;82800
c2y.gra;442374;376167;0.110471;100;98000
c3y.gra;759478;616505;0.149576;100;132700
c4y.gra;755217;581584;0.153045;100;136600
c5y.gra;620837;494363;0.136672;100;120200
gd95c.gra;1484;1022;0.010349;100;6200
gd96a.gra;328942;268758;0.108218;100;109600
gd96b.gra;2168;853;0.012261;100;11100
gd96c.gra;1161;1056;0.010956;100;6500
gd96d.gra;6295;4977;0.017908;100;18000
hc10.gra;484936;470564;0.141127;100;102400
mesh33x33.gra;90307;59169;0.093616;100;108900
randomA1.gra;1273075;1067063;0.187247;100;100000
randomA2.gra;1649334;1504651;0.648637;100;100000
randomA3.gra;1679614;1574334;1.22889;100;100000
randomA4.gra;1622354;1246426;0.264052;100;100000
randomG4.gra;1157052;854845;0.253074;100;100000
small.gra;14;11;0.003728;100;500
whitaker3.gra;9675304;9190268;1.23211;100;980000
