3elt.gra;4492754;4168493;0.031924;1;4720
airfoil1.gra;2294186;2127719;0.028201;1;4253
basic.gra;6;6;0.000191;1;4
bintree10.gra;195819;195817;0.002979;1;1023
c1y.gra;330663;296209;0.004342;1;828
c2y.gra;411059;370013;0.005139;1;980
c3y.gra;783238;704616;0.00702;1;1327
c4y.gra;724122;639696;0.007316;1;1366
c5y.gra;603587;520723;0.006287;1;1202
gd95c.gra;1778;1653;0.00048;1;62
gd96a.gra;327315;287787;0.004916;1;1096
gd96b.gra;1131;1071;0.000704;1;111
gd96c.gra;1631;1485;0.000591;1;65
gd96d.gra;5857;5499;0.000899;1;180
hc10.gra;488256;487944;0.012686;1;1024
mesh33x33.gra;76491;73303;0.005089;1;1089
randomA1.gra;1294945;1165257;0.009619;1;1000
randomA2.gra;1718639;1605797;0.033433;1;1000
randomA3.gra;1808634;1732895;0.062603;1;1000
randomA4.gra;1424478;1292770;0.014152;1;1000
randomG4.gra;914418;836911;0.016361;1;1000
small.gra;13;11;0.000183;1;5
whitaker3.gra;11770733;11119568;0.070199;1;9800
3elt.gra;3909803;3052215;0.083495;10;47200
airfoil1.gra;2452848;1957897;0.076933;10;42530
basic.gra;6;6;0.000496;10;40
bintree10.gra;190747;169079;0.007128;10;10230
c1y.gra;318070;290885;0.013775;10;8280
c2y.gra;446254;373381;0.015171;10;9800
c3y.gra;766322;638730;0.019981;10;13270
c4y.gra;740817;602138;0.020513;10;13660
c5y.gra;643292;518821;0.01816;10;12020
gd95c.gra;1263;1118;0.001386;10;620
gd96a.gra;323521;283209;0.01583;10;10960
gd96b.gra;1115;861;0.001685;10;1110
gd96c.gra;1374;1024;0.001323;10;650
gd96d.gra;8858;4974;0.002292;10;1800
hc10.gra;484922;470868;0.023183;10;10240
mesh33x33.gra;60998;60372;0.01328;10;10890
randomA1.gra;1339669;1090530;0.025836;10;10000
randomA2.gra;1691742;1526698;0.089926;10;10000
randomA3.gra;1808634;1600451;0.167533;10;10000
randomA4.gra;1424478;1252112;0.036398;10;10000
randomG4.gra;914418;836911;0.036766;10;10000
small.gra;13;11;0.000506;10;50
whitaker3.gra;11770733;10290535;0.174712;10;98000
3elt.gra;3917222;2818125;0.601671;100;472000
airfoil1.gra;2587741;1773651;0.566896;100;425300
basic.gra;6;6;0.003404;100;400
bintree10.gra;193609;169041;0.052373;100;102300
c1y.gra;328470;265473;0.093617;100;82800
c2y.gra;428686;371632;0.111871;100;98000
c3y.gra;776973;640292;0.149538;100;132700
c4y.gra;772590;582525;0.152746;100;136600
c5y.gra;612341;470943;0.134982;100;120200
gd95c.gra;1531;1030;0.010309;100;6200
gd96a.gra;332674;275246;0.106148;100;109600
gd96b.gra;1241;790;0.012212;100;11100
gd96c.gra;1615;1011;0.013164;100;6500
gd96d.gra;6550;4805;0.017842;100;18000
hc10.gra;502822;470346;0.145576;100;102400
mesh33x33.gra;83521;57458;0.096752;100;108900
randomA1.gra;1211231;1044128;0.1879;100;100000
randomA2.gra;1692462;1487577;0.649481;100;100000
randomA3.gra;1809386;1582971;1.22486;100;100000
randomA4.gra;1479018;1289270;0.262798;100;100000
randomG4.gra;1119687;821779;0.253851;100;100000
small.gra;13;11;0.003703;100;500
whitaker3.gra;10887695;8711063;1.23528;100;980000
3elt.gra;3288726;2622477;57.5001;10000;47200000
airfoil1.gra;2232533;1706313;51.8482;10000;42530000
basic.gra;6;6;0.321764;10000;40000
bintree10.gra;195627;169039;4.58394;10000;10230000
c1y.gra;337727;250948;9.01571;10000;8280000
c2y.gra;443098;353162;10.6329;10000;9800000
c3y.gra;761874;617176;14.3791;10000;13270000
c4y.gra;755552;566917;14.712;10000;13660000
c5y.gra;637065;457972;12.999;10000;12020000
gd95c.gra;1716;945;0.984182;10000;620000
gd96a.gra;330998;266650;10.2536;10000;10960000
gd96b.gra;1112;751;1.16769;10000;1110000
gd96c.gra;1460;960;0.955921;10000;650000
gd96d.gra;6313;4633;1.66809;10000;1800000
hc10.gra;502860;470048;13.2923;10000;10240000
mesh33x33.gra;64076;56991;8.96467;10000;10890000
randomA1.gra;1227396;1027370;17.9006;10000;10000000
randomA2.gra;1697519;1468134;62.0817;10000;10000000
randomA3.gra;1791758;1537500;117.314;10000;10000000
randomA4.gra;1554620;1225719;25.0498;10000;10000000
randomG4.gra;1074146;795462;24.2561;10000;10000000
small.gra;12;11;0.344498;10000;50000
whitaker3.gra;12409307;8392852;117.794;10000;98000000
3elt.gra;3636416;3382627;0.03325;1;4720
airfoil1.gra;2472748;2273890;0.028761;1;4253
basic.gra;6;6;0.000188;1;4
bintree10.gra;169201;169199;0.002973;1;1023
c1y.gra;321548;286316;0.004356;1;828
c2y.gra;452110;409075;0.005128;1;980
c3y.gra;764931;700830;0.007134;1;1327
c4y.gra;748636;660622;0.00725;1;1366
c5y.gra;656687;565436;0.006316;1;1202
gd95c.gra;1686;1433;0.000496;1;62
gd96a.gra;332759;289206;0.004971;1;1096
gd96b.gra;2227;2067;0.000683;1;111
gd96c.gra;1141;1043;0.000545;1;65
gd96d.gra;6306;5594;0.000885;1;180
hc10.gra;471454;471050;0.009501;1;1024
mesh33x33.gra;87490;85690;0.005097;1;1089
randomA1.gra;1330075;1197407;0.009554;1;1000
randomA2.gra;1765737;1658752;0.033241;1;1000
randomA3.gra;1785560;1705473;0.061565;1;1000
randomA4.gra;1559943;1428675;0.015139;1;1000
randomG4.gra;1092396;996728;0.0151;1;1000
small.gra;13;13;0.000217;1;5
whitaker3.gra;10736602;10197107;0.066168;1;9800
3elt.gra;3910664;2942720;0.086405;10;47200
airfoil1.gra;2532152;2007983;0.074788;10;42530
basic.gra;6;6;0.000465;10;40
bintree10.gra;193579;169229;0.007123;10;10230
c1y.gra;333181;288269;0.014662;10;8280
c2y.gra;424833;384626;0.01533;10;9800
c3y.gra;772280;660263;0.020053;10;13270
c4y.gra;771160;632138;0.020475;10;13660
c5y.gra;623561;466252;0.018098;10;12020
gd95c.gra;1792;1146;0.0014;10;620
gd96a.gra;332639;277307;0.014474;10;10960
gd96b.gra;2227;1078;0.001569;10;1110
gd96c.gra;1369;1116;0.001334;10;650
gd96d.gra;5894;5289;0.00233;10;1800
hc10.gra;514408;470990;0.024888;10;10240
mesh33x33.gra;102656;58847;0.013182;10;10890
randomA1.gra;1274824;1107413;0.027247;10;10000
randomA2.gra;1703406;1519224;0.090796;10;10000
randomA3.gra;1785560;1572267;0.169;10;10000
randomA4.gra;1559943;1295804;0.036546;10;10000
randomG4.gra;1092396;957922;0.035749;10;10000
small.gra;13;11;0.000494;10;50
whitaker3.gra;10736602;10197107;0.172136;10;98000
3elt.gra;4637812;2757001;0.601103;100;472000
airfoil1.gra;1965875;1806017;0.541233;100;425300
basic.gra;6;6;0.003403;100;400
bintree10.gra;192827;169073;0.048288;100;102300
c1y.gra;324745;269312;0.093802;100;82800
c2y.gra;427077;364233;0.114439;100;98000
c3y.gra;784472;639338;0.14936;100;132700
c4y.gra;785671;607518;0.153891;100;136600
c5y.gra;604093;461744;0.136478;100;120200
gd95c.gra;1274;1029;0.011072;100;6200
gd96a.gra;330450;268716;0.105939;100;109600
gd96b.gra;1443;824;0.012477;100;11100
gd96c.gra;1309;1029;0.011147;100;6500
gd96d.gra;8749;4779;0.017394;100;18000
hc10.gra;488268;470504;0.140371;100;102400
mesh33x33.gra;62626;58789;0.093475;100;108900
randomA1.gra;1259040;1070615;0.186726;100;100000
randomA2.gra;1677828;1507960;0.644486;100;100000
randomA3.gra;1721584;1578681;1.22477;100;100000
randomA4.gra;1535539;1252922;0.261895;100;100000
randomG4.gra;1180687;816561;0.253915;100;100000
small.gra;12;11;0.003513;100;500
whitaker3.gra;12498221;8677937;1.23614;100;980000
3elt.gra;3270405;2652001;57.4719;10000;47200000
airfoil1.gra;2045571;1708074;51.8508;10000;42530000
basic.gra;6;6;0.326651;10000;40000
bintree10.gra;196295;169039;4.55341;10000;10230000
c1y.gra;326757;247303;9.00281;10000;8280000
c2y.gra;437284;346212;10.6418;10000;9800000
c3y.gra;781944;611218;14.3603;10000;13270000
c4y.gra;758797;566483;14.7054;10000;13660000
c5y.gra;615127;453972;13.0182;10000;12020000
gd95c.gra;1620;932;0.988934;10000;620000
gd96a.gra;334574;265600;10.2599;10000;10960000
gd96b.gra;2168;749;1.17412;10000;1110000
gd96c.gra;1297;951;0.971633;10000;650000
gd96d.gra;8745;4581;1.6637;10000;1800000
hc10.gra;484774;470126;13.3334;10000;10240000
mesh33x33.gra;75572;57070;8.98149;10000;10890000
randomA1.gra;1235456;1024348;17.8944;10000;10000000
randomA2.gra;1659945;1456644;62.3196;10000;10000000
randomA3.gra;1749989;1540678;117.249;10000;10000000
randomA4.gra;1431817;1226012;25.1151;10000;10000000
randomG4.gra;1202808;797763;24.2421;10000;10000000
small.gra;14;11;0.360627;10000;50000
whitaker3.gra;11994020;8380203;117.786;10000;98000000
3elt.gra;4008018;3736660;0.031796;1;4720
airfoil1.gra;2025061;1868407;0.028261;1;4253
basic.gra;6;6;0.00018;1;4
bintree10.gra;193691;193689;0.00299;1;1023
c1y.gra;331439;292528;0.004337;1;828
c2y.gra;433856;393390;0.005122;1;980
c3y.gra;777866;710886;0.007042;1;1327
c4y.gra;754890;673302;0.007266;1;1366
c5y.gra;608556;532348;0.006328;1;1202
gd95c.gra;1689;1542;0.000483;1;62
gd96a.gra;338536;296551;0.004531;1;1096
gd96b.gra;1361;936;0.001126;1;111
gd96c.gra;1391;1365;0.000544;1;65
gd96d.gra;6315;5749;0.000897;1;180
hc10.gra;499262;498858;0.011181;1;1024
mesh33x33.gra;60400;58697;0.005123;1;1089
randomA1.gra;1242366;1125368;0.00949;1;1000
randomA2.gra;1821556;1710427;0.034218;1;1000
randomA3.gra;1783012;1696787;0.062438;1;1000
randomA4.gra;1462659;1351239;0.016603;1;1000
randomG4.gra;1183900;1089312;0.015015;1;1000
small.gra;12;12;0.000216;1;5
whitaker3.gra;11729948;11074558;0.06655;1;9800
3elt.gra;6122547;2897611;0.083224;10;47200
airfoil1.gra;2319297;1831343;0.077531;10;42530
basic.gra;6;6;0.000465;10;40
bintree10.gra;196327;169079;0.007059;10;10230
c1y.gra;325994;274971;0.016445;10;8280
c2y.gra;434531;388920;0.014739;10;9800
c3y.gra;756182;657021;0.019934;10;13270
c4y.gra;759209;591018;0.020514;10;13660
c5y.gra;629687;520037;0.018086;10;12020
gd95c.gra;1711;1190;0.0014;10;620
gd96a.gra;338130;288978;0.015191;10;10960
gd96b.gra;996;854;0.00166;10;1110
gd96c.gra;1686;1071;0.001311;10;650
gd96d.gra;8746;4981;0.002245;10;1800
hc10.gra;503034;470894;0.023243;10;10240
mesh33x33.gra;60483;58148;0.013135;10;10890
randomA1.gra;1287530;1059864;0.02569;10;10000
randomA2.gra;1646031;1553575;0.088877;10;10000
randomA3.gra;1791048;1570995;0.166272;10;10000
randomA4.gra;1469189;1288206;0.036419;10;10000
randomG4.gra;1130986;859269;0.035477;10;10000
small.gra;12;11;0.000481;10;50
whitaker3.gra;11369684;10178071;0.171549;10;98000
3elt.gra;6122547;2896059;0.599167;100;472000
airfoil1.gra;3033300;1798192;0.539727;100;425300
basic.gra;6;6;0.003358;100;400
bintree10.gra;193411;169069;0.05208;100;102300
c1y.gra;326825;272526;0.093699;100;82800
c2y.gra;442984;373133;0.110299;100;98000
c3y.gra;774108;618970;0.151625;100;132700
c4y.gra;765544;611804;0.152289;100;136600
c5y.gra;614822;493089;0.135308;100;120200
gd95c.gra;1650;1021;0.01028;100;6200
gd96a.gra;330752;267022;0.105954;100;109600
gd96b.gra;1274;831;0.014445;100;11100
gd96c.gra;1212;981;0.010324;100;6500
gd96d.gra;5877;4776;0.018239;100;18000
hc10.gra;488548;470330;0.140428;100;102400
mesh33x33.gra;83203;57960;0.094016;100;108900
randomA1.gra;1263317;1063533;0.188099;100;100000
randomA2.gra;1713800;1491362;0.650635;100;100000
randomA3.gra;1684763;1572666;1.22154;100;100000
randomA4.gra;1642392;1267376;0.262691;100;100000
randomG4.gra;916691;834204;0.253739;100;100000
small.gra;12;11;0.003485;100;500
whitaker3.gra;11234443;9110762;1.2267;100;980000
3elt.gra;3358196;2654091;57.392;10000;47200000
airfoil1.gra;2198786;1694561;51.7602;10000;42530000
basic.gra;6;6;0.326131;10000;40000
bintree10.gra;193243;169039;4.5736;10000;10230000
c1y.gra;325507;250345;8.99691;10000;8280000
c2y.gra;451477;350212;10.6154;10000;9800000
c3y.gra;772805;613750;14.3504;10000;13270000
c4y.gra;774691;569160;14.6676;10000;13660000
c5y.gra;620831;453399;12.9949;10000;12020000
gd95c.gra;1251;925;0.995344;10000;620000
gd96a.gra;344497;267441;10.226;10000;10960000
gd96b.gra;1423;751;1.17963;10000;1110000
gd96c.gra;1307;962;0.967857;10000;650000
gd96d.gra;6222;4531;1.6581;10000;1800000
hc10.gra;471140;470030;13.3025;10000;10240000
mesh33x33.gra;76607;57065;8.96492;10000;10890000
randomA1.gra;1285721;1028824;17.86;10000;10000000
randomA2.gra;1751122;1474720;62.0193;10000;10000000
randomA3.gra;1724480;1536097;117.238;10000;10000000
randomA4.gra;1558868;1214803;25.1247;10000;10000000
randomG4.gra;874997;791410;24.2791;10000;10000000
small.gra;13;11;0.333967;10000;50000
whitaker3.gra;13155000;8390158;117.235;10000;98000000
3elt.gra;5243937;4903330;0.031857;1;4720
airfoil1.gra;2275110;2101774;0.028495;1;4253
basic.gra;6;6;0.000185;1;4
bintree10.gra;188761;188759;0.003002;1;1023
c1y.gra;312384;278503;0.004281;1;828
c2y.gra;451538;403905;0.005198;1;980
c3y.gra;745085;669385;0.007093;1;1327
c4y.gra;753564;668022;0.007249;1;1366
c5y.gra;623801;540486;0.006345;1;1202
gd95c.gra;1338;1238;0.000478;1;62
gd96a.gra;323215;289459;0.004558;1;1096
gd96b.gra;1262;1141;0.001183;1;111
gd96c.gra;1294;1226;0.000553;1;65
gd96d.gra;6334;5304;0.000897;1;180
hc10.gra;484850;484470;0.011178;1;1024
mesh33x33.gra;93288;91641;0.005708;1;1089
randomA1.gra;1322532;1204025;0.009784;1;1000
randomA2.gra;1864588;1776876;0.033343;1;1000
randomA3.gra;1774833;1687341;0.061269;1;1000
randomA4.gra;1562032;1442996;0.01636;1;1000
randomG4.gra;1283468;1177366;0.015645;1;1000
small.gra;14;13;0.000214;1;5
whitaker3.gra;11679912;11109435;0.066864;1;9800
3elt.gra;5243937;3123406;0.083377;10;47200
airfoil1.gra;2275110;1844415;0.075954;10;42530
basic.gra;6;6;0.000493;10;40
bintree10.gra;190743;180005;0.007048;10;10230
c1y.gra;326679;288425;0.013671;10;8280
c2y.gra;424165;384353;0.014692;10;9800
c3y.gra;770244;687936;0.019955;10;13270
c4y.gra;739553;630626;0.020506;10;13660
c5y.gra;622791;523621;0.018024;10;12020
gd95c.gra;1527;1051;0.00139;10;620
gd96a.gra;322824;282086;0.013811;10;10960
gd96b.gra;1325;862;0.001681;10;1110
gd96c.gra;1360;1014;0.001323;10;650
gd96d.gra;7132;5006;0.002751;10;1800
hc10.gra;484776;470132;0.022293;10;10240
mesh33x33.gra;95025;60917;0.013121;10;10890
randomA1.gra;1356214;1076898;0.025711;10;10000
randomA2.gra;1704743;1541192;0.089406;10;10000
randomA3.gra;1711568;1624662;0.166465;10;10000
randomA4.gra;1501476;1297548;0.040401;10;10000
randomG4.gra;1081012;910837;0.035519;10;10000
small.gra;13;11;0.000492;10;50
whitaker3.gra;12497794;9440945;0.172609;10;98000
3elt.gra;4048636;2817376;0.600687;100;472000
airfoil1.gra;2672083;1786340;0.538356;100;425300
basic.gra;6;6;0.003446;100;400
bintree10.gra;195759;169047;0.048158;100;102300
c1y.gra;329470;258726;0.093633;100;82800
c2y.gra;448415;371331;0.11047;100;98000
c3y.gra;765299;637955;0.148709;100;132700
c4y.gra;737647;602579;0.152935;100;136600
c5y.gra;630986;480735;0.136369;100;120200
gd95c.gra;1402;998;0.010406;100;6200
gd96a.gra;328225;274245;0.105999;100;109600
gd96b.gra;1123;785;0.012312;100;11100
gd96c.gra;1192;977;0.009838;100;6500
gd96d.gra;6496;4985;0.017397;100;18000
hc10.gra;471104;470362;0.141029;100;102400
mesh33x33.gra;86495;57241;0.098124;100;108900
randomA1.gra;1213314;1090451;0.18643;100;100000
randomA2.gra;1631314;1473047;0.644722;100;100000
randomA3.gra;1804267;1572150;1.22198;100;100000
randomA4.gra;1596148;1264750;0.261488;100;100000
randomG4.gra;1234018;818459;0.253868;100;100000
small.gra;14;11;0.003464;100;500
whitaker3.gra;11737502;8572434;1.22988;100;980000
3elt.gra;3332834;2636814;57.4708;10000;47200000
airfoil1.gra;3084802;1692290;57.6128;10000;42530000
basic.gra;6;6;0.319392;10000;40000
bintree10.gra;196347;169039;4.57354;10000;10230000
c1y.gra;305841;249391;8.9986;10000;8280000
c2y.gra;438703;352555;10.6287;10000;9800000
c3y.gra;728790;609636;14.3311;10000;13270000
c4y.gra;766527;570777;14.6823;10000;13660000
c5y.gra;631242;454418;12.9925;10000;12020000
gd95c.gra;1226;935;0.984387;10000;620000
gd96a.gra;330577;264949;10.2299;10000;10960000
gd96b.gra;1249;751;1.16662;10000;1110000
gd96c.gra;1196;974;0.971579;10000;650000
gd96d.gra;8745;4542;1.66745;10000;1800000
hc10.gra;471390;470050;13.2275;10000;10240000
mesh33x33.gra;106332;56732;8.9412;10000;10890000
randomA1.gra;1287692;1027387;17.8654;10000;10000000
randomA2.gra;1750760;1466875;61.7671;10000;10000000
randomA3.gra;1664301;1542331;117.307;10000;10000000
randomA4.gra;1457820;1216550;25.1397;10000;10000000
randomG4.gra;1061489;793263;24.157;10000;10000000
small.gra;13;11;0.359671;10000;50000
whitaker3.gra;12102545;8459589;117.705;10000;98000000
3elt.gra;5249885;4897169;0.031906;1;4720
airfoil1.gra;2344591;2157548;0.028447;1;4253
basic.gra;6;6;0.000179;1;4
bintree10.gra;189067;189065;0.003001;1;1023
c1y.gra;335177;300162;0.004379;1;828
c2y.gra;432411;394973;0.005199;1;980
c3y.gra;781635;707733;0.007092;1;1327
c4y.gra;765970;676534;0.007305;1;1366
c5y.gra;624998;539134;0.006328;1;1202
gd95c.gra;1321;1221;0.000478;1;62
gd96a.gra;335639;296628;0.005231;1;1096
gd96b.gra;1303;1096;0.001167;1;111
gd96c.gra;1483;1368;0.000547;1;65
gd96d.gra;6236;5657;0.000894;1;180
hc10.gra;470698;470294;0.011129;1;1024
mesh33x33.gra;81502;80187;0.005052;1;1089
randomA1.gra;1364697;1228379;0.009513;1;1000
randomA2.gra;1748627;1651813;0.033682;1;1000
randomA3.gra;1721107;1632996;0.061162;1;1000
randomA4.gra;1383294;1284515;0.015091;1;1000
randomG4.gra;1235698;1111919;0.01426;1;1000
small.gra;13;11;0.000215;1;5
whitaker3.gra;12479395;11824282;0.067105;1;9800
3elt.gra;5249885;3853677;0.083446;10;47200
airfoil1.gra;2344591;1826395;0.077724;10;42530
basic.gra;6;6;0.000492;10;40
bintree10.gra;189067;169549;0.007767;10;10230
c1y.gra;338061;279358;0.015661;10;8280
c2y.gra;450431;379974;0.014745;10;9800
c3y.gra;774435;676222;0.019927;10;13270
c4y.gra;774714;629120;0.020527;10;13660
c5y.gra;607343;481810;0.018057;10;12020
gd95c.gra;1280;1018;0.001404;10;620
gd96a.gra;320366;282449;0.013846;10;10960
gd96b.gra;1223;995;0.001666;10;1110
gd96c.gra;1133;1083;0.001302;10;650
gd96d.gra;6430;5012;0.002249;10;1800
hc10.gra;484754;470630;0.023688;10;10240
mesh33x33.gra;69152;60215;0.013226;10;10890
randomA1.gra;1296328;1137238;0.025576;10;10000
randomA2.gra;1694382;1538518;0.08946;10;10000
randomA3.gra;1819575;1564814;0.16658;10;10000
randomA4.gra;1527786;1280907;0.036512;10;10000
randomG4.gra;1256590;829575;0.035301;10;10000
small.gra;13;11;0.000487;10;50
whitaker3.gra;11768403;10848512;0.172635;10;98000
3elt.gra;5163854;2852159;0.600418;100;472000
airfoil1.gra;2695777;1770712;0.540342;100;425300
basic.gra;6;6;0.003462;100;400
bintree10.gra;190755;169167;0.048264;100;102300
c1y.gra;325572;257871;0.095061;100;82800
c2y.gra;441218;369485;0.112676;100;98000
c3y.gra;753097;636322;0.149076;100;132700
c4y.gra;781660;610012;0.152443;100;136600
c5y.gra;621695;492727;0.135533;100;120200
gd95c.gra;1415;1041;0.010338;100;6200
gd96a.gra;333494;274362;0.108135;100;109600
gd96b.gra;1177;824;0.01359;100;11100
gd96c.gra;1049;1008;0.009887;100;6500
gd96d.gra;6709;4680;0.017488;100;18000
hc10.gra;471412;470422;0.140985;100;102400
mesh33x33.gra;99856;58010;0.096566;100;108900
randomA1.gra;1327062;1061813;0.187969;100;100000
randomA2.gra;1741343;1498544;0.646488;100;100000
randomA3.gra;1699736;1570139;1.21534;100;100000
randomA4.gra;1539841;1259926;0.264319;100;100000
randomG4.gra;997419;817797;0.254081;100;100000
small.gra;12;11;0.003627;100;500
whitaker3.gra;9281386;8472704;1.22905;100;980000
3elt.gra;5406556;2644713;57.4898;10000;47200000
airfoil1.gra;2345243;1715968;51.6359;10000;42530000
basic.gra;6;6;0.330865;10000;40000
bintree10.gra;192905;169039;4.57892;10000;10230000
c1y.gra;332535;240110;8.98823;10000;8280000
c2y.gra;438101;348054;10.6243;10000;9800000
c3y.gra;773656;613169;14.3315;10000;13270000
c4y.gra;730109;563798;14.6773;10000;13660000
c5y.gra;621697;447247;13.021;10000;12020000
gd95c.gra;1321;939;0.988313;10000;620000
gd96a.gra;333534;264048;10.2146;10000;10960000
gd96b.gra;2227;770;1.17932;10000;1110000
gd96c.gra;1106;959;0.96823;10000;650000
gd96d.gra;5665;4520;1.65724;10000;1800000
hc10.gra;471276;470086;13.2928;10000;10240000
mesh33x33.gra;64487;57124;8.97509;10000;10890000
randomA1.gra;1328876;1023146;17.905;10000;10000000
randomA2.gra;1825253;1459501;62.0497;10000;10000000
randomA3.gra;1785121;1526485;117.173;10000;10000000
randomA4.gra;1496220;1219222;25.1141;10000;10000000
randomG4.gra;1257961;800694;24.1738;10000;10000000
small.gra;13;11;0.335652;10000;50000
whitaker3.gra;12086823;8384853;117.694;10000;98000000
3elt.gra;4968250;4634647;0.031747;1;4720
airfoil1.gra;2750613;2539019;0.028722;1;4253
basic.gra;6;6;0.000182;1;4
bintree10.gra;195863;195861;0.002993;1;1023
c1y.gra;312250;272518;0.004353;1;828
c2y.gra;420652;382990;0.005175;1;980
c3y.gra;774884;705958;0.007036;1;1327
c4y.gra;742323;646036;0.007231;1;1366
c5y.gra;625856;543568;0.006346;1;1202
gd95c.gra;1291;1111;0.000492;1;62
gd96a.gra;327372;282076;0.004598;1;1096
gd96b.gra;1178;1071;0.000575;1;111
gd96c.gra;1277;1181;0.000457;1;65
gd96d.gra;6621;5938;0.000752;1;180
hc10.gra;488484;488120;0.00928;1;1024
mesh33x33.gra;98210;96564;0.005047;1;1089
randomA1.gra;1239290;1128456;0.010997;1;1000
randomA2.gra;1610368;1525103;0.034568;1;1000
randomA3.gra;1707366;1626131;0.061154;1;1000
randomA4.gra;1691810;1543108;0.013715;1;1000
randomG4.gra;1211051;1118559;0.015302;1;1000
small.gra;13;11;0.000216;1;5
whitaker3.gra;12518773;11888929;0.0707;1;9800
3elt.gra;3579511;3332256;0.083764;10;47200
airfoil1.gra;2289773;1875708;0.074568;10;42530
basic.gra;6;6;0.000488;10;40
bintree10.gra;184701;180005;0.008668;10;10230
c1y.gra;329624;285851;0.012729;10;8280
c2y.gra;437537;379232;0.014716;10;9800
c3y.gra;766267;651466;0.019977;10;13270
c4y.gra;743607;633378;0.02048;10;13660
c5y.gra;618735;510672;0.018094;10;12020
gd95c.gra;1376;1084;0.001388;10;620
gd96a.gra;341367;282691;0.015813;10;10960
gd96b.gra;1700;924;0.00166;10;1110
gd96c.gra;1194;1088;0.001313;10;650
gd96d.gra;6491;4896;0.002662;10;1800
hc10.gra;488570;470654;0.025126;10;10240
mesh33x33.gra;61453;60096;0.013167;10;10890
randomA1.gra;1273324;1083617;0.025593;10;10000
randomA2.gra;1670705;1555373;0.090115;10;10000
randomA3.gra;1722355;1596049;0.167886;10;10000
randomA4.gra;1560461;1299993;0.036569;10;10000
randomG4.gra;1036366;869762;0.035542;10;10000
small.gra;13;11;0.000489;10;50
whitaker3.gra;11668173;8377573;0.171638;10;98000
3elt.gra;3782932;2734115;0.601166;100;472000
airfoil1.gra;2247504;1766018;0.541159;100;425300
basic.gra;6;6;0.003363;100;400
bintree10.gra;193077;169049;0.048314;100;102300
c1y.gra;318921;271493;0.094707;100;82800
c2y.gra;428949;369841;0.111791;100;98000
c3y.gra;778729;648163;0.149171;100;132700
c4y.gra;792489;589295;0.154458;100;136600
c5y.gra;640903;497075;0.136537;100;120200
gd95c.gra;1756;1013;0.010559;100;6200
gd96a.gra;330315;271256;0.106141;100;109600
gd96b.gra;2247;829;0.013593;100;11100
gd96c.gra;1657;1006;0.009897;100;6500
gd96d.gra;7251;4850;0.017444;100;18000
hc10.gra;484776;470180;0.141157;100;102400
mesh33x33.gra;83914;57491;0.095241;100;108900
randomA1.gra;1276575;1042947;0.188706;100;100000
randomA2.gra;1650727;1506188;0.649118;100;100000
randomA3.gra;1783509;1584628;1.22334;100;100000
randomA4.gra;1547428;1277406;0.262489;100;100000
randomG4.gra;1194347;833794;0.25393;100;100000
small.gra;12;11;0.003483;100;500
whitaker3.gra;11798115;8824100;1.23249;100;980000
3elt.gra;4059601;2641990;57.5309;10000;47200000
airfoil1.gra;2324578;1707654;51.6778;10000;42530000
basic.gra;6;6;0.329982;10000;40000
bintree10.gra;195731;169039;4.67325;10000;10230000
c1y.gra;330030;253222;9.00373;10000;8280000
c2y.gra;446566;344893;10.6214;10000;9800000
c3y.gra;752075;608545;14.3392;10000;13270000
c4y.gra;784918;565799;14.6743;10000;13660000
c5y.gra;629882;451619;12.9962;10000;12020000
gd95c.gra;1356;946;1.00976;10000;620000
gd96a.gra;344793;261846;10.2395;10000;10960000
gd96b.gra;1001;742;1.175;10000;1110000
gd96c.gra;1524;954;0.964995;10000;650000
gd96d.gra;6778;4559;1.65818;10000;1800000
hc10.gra;503046;470022;13.3091;10000;10240000
mesh33x33.gra;92506;57106;8.97586;10000;10890000
randomA1.gra;1263591;1037038;17.9024;10000;10000000
randomA2.gra;1677804;1458539;62.0101;10000;10000000
randomA3.gra;1700743;1535658;117.196;10000;10000000
randomA4.gra;1496491;1207602;25.0608;10000;10000000
randomG4.gra;1021405;786574;24.1869;10000;10000000
small.gra;13;11;0.333646;10000;50000
whitaker3.gra;11632495;8379623;117.736;10000;98000000
3elt.gra;4362748;4055128;0.031644;1;4720
airfoil1.gra;3360550;3079668;0.028773;1;4253
basic.gra;6;6;0.000175;1;4
bintree10.gra;195987;195985;0.002939;1;1023
c1y.gra;327298;295440;0.00443;1;828
c2y.gra;439874;398114;0.005108;1;980
c3y.gra;766900;693062;0.007074;1;1327
c4y.gra;789567;690090;0.007206;1;1366
c5y.gra;629357;549676;0.006321;1;1202
gd95c.gra;1398;1248;0.000476;1;62
gd96a.gra;329764;294442;0.004545;1;1096
gd96b.gra;1297;1195;0.000579;1;111
gd96c.gra;1636;1443;0.000459;1;65
gd96d.gra;9040;8844;0.000855;1;180
hc10.gra;488178;487774;0.010902;1;1024
mesh33x33.gra;107290;105025;0.005077;1;1089
randomA1.gra;1305949;1194267;0.009793;1;1000
randomA2.gra;1655717;1550961;0.033912;1;1000
randomA3.gra;1680958;1604706;0.061299;1;1000
randomA4.gra;1531812;1408998;0.01395;1;1000
randomG4.gra;1091063;997272;0.015109;1;1000
small.gra;13;11;0.000217;1;5
whitaker3.gra;11523132;10961524;0.066769;1;9800
3elt.gra;4362748;3097507;0.083341;10;47200
airfoil1.gra;3360550;1872560;0.076147;10;42530
basic.gra;6;6;0.000463;10;40
bintree10.gra;195987;189341;0.007031;10;10230
c1y.gra;327298;282251;0.015385;10;8280
c2y.gra;439874;364969;0.014731;10;9800
c3y.gra;766900;653573;0.019975;10;13270
c4y.gra;789567;641638;0.020474;10;13660
c5y.gra;629357;515189;0.018041;10;12020
gd95c.gra;1398;1069;0.001389;10;620
gd96a.gra;329764;278945;0.015147;10;10960
gd96b.gra;1297;1051;0.001683;10;1110
gd96c.gra;1636;1108;0.00133;10;650
gd96d.gra;9040;5411;0.00228;10;1800
hc10.gra;488178;470652;0.023068;10;10240
mesh33x33.gra;107290;59881;0.013148;10;10890
randomA1.gra;1305949;1131399;0.025626;10;10000
randomA2.gra;1655717;1502101;0.089993;10;10000
randomA3.gra;1703483;1594735;0.167853;10;10000
randomA4.gra;1528128;1321318;0.036387;10;10000
randomG4.gra;1216547;908369;0.035701;10;10000
small.gra;14;11;0.000522;10;50
whitaker3.gra;11014736;8941507;0.172127;10;98000
3elt.gra;4823378;2919999;0.599599;100;472000
airfoil1.gra;2114287;1831324;0.541208;100;425300
basic.gra;6;6;0.003345;100;400
bintree10.gra;180011;169049;0.048213;100;102300
c1y.gra;327871;270184;0.095445;100;82800
c2y.gra;429867;365273;0.112651;100;98000
c3y.gra;756747;638895;0.149464;100;132700
c4y.gra;723325;589696;0.154293;100;136600
c5y.gra;618522;472691;0.135221;100;120200
gd95c.gra;1275;953;0.010402;100;6200
gd96a.gra;328421;272901;0.106171;100;109600
gd96b.gra;1288;802;0.012329;100;11100
gd96c.gra;1217;1054;0.012725;100;6500
gd96d.gra;6328;4869;0.017324;100;18000
hc10.gra;488556;470488;0.141001;100;102400
mesh33x33.gra;61200;58269;0.093403;100;108900
randomA1.gra;1312483;1057661;0.186514;100;100000
randomA2.gra;1684291;1497042;0.648113;100;100000
randomA3.gra;1674031;1585563;1.22273;100;100000
randomA4.gra;1641978;1280846;0.261506;100;100000
randomG4.gra;1178262;811223;0.253828;100;100000
small.gra;14;11;0.003777;100;500
whitaker3.gra;12650380;9991823;1.23419;100;980000
3elt.gra;4503505;2632285;57.4638;10000;47200000
airfoil1.gra;2283343;1736713;51.6648;10000;42530000
basic.gra;6;6;0.323558;10000;40000
bintree10.gra;189613;169039;4.56522;10000;10230000
c1y.gra;320029;247144;8.98902;10000;8280000
c2y.gra;439983;350912;10.6156;10000;9800000
c3y.gra;775107;605579;14.3225;10000;13270000
c4y.gra;775412;567822;14.727;10000;13660000
c5y.gra;603029;453108;13.0198;10000;12020000
gd95c.gra;1466;946;0.987033;10000;620000
gd96a.gra;338584;266320;10.2171;10000;10960000
gd96b.gra;1304;768;1.18126;10000;1110000
gd96c.gra;1135;951;0.94081;10000;650000
gd96d.gra;5895;4555;1.66818;10000;1800000
hc10.gra;502878;470090;13.2248;10000;10240000
mesh33x33.gra;79139;57182;8.96477;10000;10890000
randomA1.gra;1310036;1035698;17.8747;10000;10000000
randomA2.gra;1764322;1474561;62.0391;10000;10000000
randomA3.gra;1728777;1542808;116.63;10000;10000000
randomA4.gra;1478513;1223197;25.149;10000;10000000
randomG4.gra;1052356;792462;24.2504;10000;10000000
small.gra;12;11;0.337132;10000;50000
whitaker3.gra;11145994;8344767;117.996;10000;98000000
3elt.gra;4623344;4289204;0.032045;1;4720
airfoil1.gra;3129453;2881895;0.028599;1;4253
basic.gra;6;6;0.000176;1;4
bintree10.gra;195863;195861;0.002965;1;1023
c1y.gra;327321;295669;0.004325;1;828
c2y.gra;433715;394389;0.005145;1;980
c3y.gra;774076;695517;0.007021;1;1327
c4y.gra;792292;698257;0.007216;1;1366
c5y.gra;626353;556309;0.006392;1;1202
gd95c.gra;1288;1181;0.000495;1;62
gd96a.gra;324670;282543;0.004537;1;1096
gd96b.gra;935;907;0.000785;1;111
gd96c.gra;1163;1061;0.000547;1;65
gd96d.gra;6526;5692;0.000916;1;180
hc10.gra;502872;502468;0.011441;1;1024
mesh33x33.gra;79468;76837;0.005116;1;1089
randomA1.gra;1358836;1226537;0.009584;1;1000
randomA2.gra;1865185;1747509;0.033414;1;1000
randomA3.gra;1837076;1738628;0.06165;1;1000
randomA4.gra;1519828;1381391;0.013694;1;1000
randomG4.gra;1199730;1107607;0.015127;1;1000
small.gra;14;13;0.000195;1;5
whitaker3.gra;11644387;11126829;0.066433;1;9800
3elt.gra;4623344;3089354;0.083402;10;47200
airfoil1.gra;3129453;1932171;0.074874;10;42530
basic.gra;6;6;0.000498;10;40
bintree10.gra;195863;185818;0.009428;10;10230
c1y.gra;327321;279341;0.012549;10;8280
c2y.gra;433715;381932;0.014709;10;9800
c3y.gra;774076;663784;0.020611;10;13270
c4y.gra;792292;623696;0.020494;10;13660
c5y.gra;626353;516739;0.018047;10;12020
gd95c.gra;1288;1103;0.001387;10;620
gd96a.gra;324670;278695;0.015396;10;10960
gd96b.gra;935;836;0.002023;10;1110
gd96c.gra;1163;1061;0.001599;10;650
gd96d.gra;6526;5021;0.002707;10;1800
hc10.gra;502872;471258;0.021423;10;10240
mesh33x33.gra;79468;60459;0.013364;10;10890
randomA1.gra;1358836;1109138;0.02568;10;10000
randomA2.gra;1865185;1523081;0.089008;10;10000
randomA3.gra;1785181;1634259;0.166802;10;10000
randomA4.gra;1732274;1291042;0.036596;10;10000
randomG4.gra;1251486;866656;0.035694;10;10000
small.gra;13;11;0.000487;10;50
whitaker3.gra;13009750;10460475;0.171993;10;98000
3elt.gra;4118653;2925545;0.600654;100;472000
airfoil1.gra;2817195;1763556;0.538213;100;425300
basic.gra;6;6;0.003559;100;400
bintree10.gra;193747;169053;0.05165;100;102300
c1y.gra;313251;259153;0.093432;100;82800
c2y.gra;449238;376916;0.110457;100;98000
c3y.gra;765185;638798;0.150527;100;132700
c4y.gra;776982;591198;0.154051;100;136600
c5y.gra;634146;483226;0.13548;100;120200
gd95c.gra;1318;1051;0.010415;100;6200
gd96a.gra;343276;275015;0.106145;100;109600
gd96b.gra;2247;838;0.015104;100;11100
gd96c.gra;1568;994;0.009844;100;6500
gd96d.gra;6784;4824;0.018689;100;18000
hc10.gra;484798;470342;0.141638;100;102400
mesh33x33.gra;59563;57625;0.095374;100;108900
randomA1.gra;1372932;1072127;0.186592;100;100000
randomA2.gra;1652960;1501771;0.650834;100;100000
randomA3.gra;1776143;1586273;1.22203;100;100000
randomA4.gra;1465418;1244470;0.262709;100;100000
randomG4.gra;1099579;831043;0.254062;100;100000
small.gra;12;11;0.003757;100;500
whitaker3.gra;11740798;9044201;1.22998;100;980000
3elt.gra;3782707;2649959;57.5708;10000;47200000
airfoil1.gra;2487981;1702406;51.7432;10000;42530000
basic.gra;6;6;0.319445;10000;40000
bintree10.gra;196031;169039;4.53747;10000;10230000
c1y.gra;329426;252692;8.98899;10000;8280000
c2y.gra;433959;354887;10.6404;10000;9800000
c3y.gra;762558;613765;14.3386;10000;13270000
c4y.gra;766926;562843;14.6761;10000;13660000
c5y.gra;629175;449920;13.0132;10000;12020000
gd95c.gra;1330;922;0.995997;10000;620000
gd96a.gra;324088;264026;10.255;10000;10960000
gd96b.gra;2218;763;1.17899;10000;1110000
gd96c.gra;1630;957;0.9698;10000;650000
gd96d.gra;6641;4519;1.67453;10000;1800000
hc10.gra;488452;470042;13.3255;10000;10240000
mesh33x33.gra;80089;57112;8.93889;10000;10890000
randomA1.gra;1295023;1027833;17.9049;10000;10000000
randomA2.gra;1720756;1466083;62.0631;10000;10000000
randomA3.gra;1765164;1537989;117.172;10000;10000000
randomA4.gra;1487181;1207433;25.1016;10000;10000000
randomG4.gra;984020;797304;24.1742;10000;10000000
small.gra;13;11;0.342545;10000;50000
whitaker3.gra;11447132;8339080;117.477;10000;98000000
3elt.gra;4770944;4409812;0.031857;1;4720
airfoil1.gra;2327898;2136107;0.028493;1;4253
basic.gra;6;6;0.000179;1;4
bintree10.gra;169049;169047;0.00299;1;1023
c1y.gra;328884;299364;0.004296;1;828
c2y.gra;411996;373952;0.00518;1;980
c3y.gra;783043;709584;0.007087;1;1327
c4y.gra;714841;628721;0.007241;1;1366
c5y.gra;595303;531851;0.006347;1;1202
gd95c.gra;1286;1186;0.000478;1;62
gd96a.gra;321990;275466;0.005453;1;1096
gd96b.gra;1430;1293;0.000724;1;111
gd96c.gra;1609;1483;0.00055;1;65
gd96d.gra;5943;5054;0.001489;1;180
hc10.gra;499180;498776;0.011021;1;1024
mesh33x33.gra;81102;80226;0.005078;1;1089
randomA1.gra;1219227;1100201;0.009511;1;1000
randomA2.gra;1728300;1629978;0.033672;1;1000
randomA3.gra;1748743;1664784;0.061362;1;1000
randomA4.gra;1615050;1474658;0.013969;1;1000
randomG4.gra;1229609;1131911;0.015613;1;1000
small.gra;13;13;0.000217;1;5
whitaker3.gra;10180303;9593636;0.066554;1;9800
3elt.gra;4770944;2897724;0.083329;10;47200
airfoil1.gra;2327898;1781118;0.074752;10;42530
basic.gra;6;6;0.000464;10;40
bintree10.gra;169049;169047;0.007083;10;10230
c1y.gra;328884;287550;0.016439;10;8280
c2y.gra;411996;373952;0.015695;10;9800
c3y.gra;783043;675194;0.019987;10;13270
c4y.gra;714841;605779;0.020504;10;13660
c5y.gra;595303;531851;0.018017;10;12020
gd95c.gra;1396;1115;0.001408;10;620
gd96a.gra;325548;280804;0.01383;10;10960
gd96b.gra;1513;860;0.001691;10;1110
gd96c.gra;1181;1064;0.001315;10;650
gd96d.gra;6560;5266;0.003251;10;1800
hc10.gra;488114;484418;0.022884;10;10240
mesh33x33.gra;106384;62917;0.013225;10;10890
randomA1.gra;1307195;1118621;0.025649;10;10000
randomA2.gra;1749106;1525943;0.088902;10;10000
randomA3.gra;1761591;1604133;0.166659;10;10000
randomA4.gra;1470104;1277260;0.038968;10;10000
randomG4.gra;996489;866393;0.035658;10;10000
small.gra;12;11;0.000488;10;50
whitaker3.gra;11864224;10728233;0.172713;10;98000
3elt.gra;3462473;2976380;0.6005;100;472000
airfoil1.gra;2624467;1814680;0.541439;100;425300
basic.gra;6;6;0.003601;100;400
bintree10.gra;193019;169101;0.051136;100;102300
c1y.gra;318066;276174;0.093614;100;82800
c2y.gra;442427;368648;0.110538;100;98000
c3y.gra;762408;638882;0.150494;100;132700
c4y.gra;715118;611372;0.154498;100;136600
c5y.gra;636289;489174;0.135409;100;120200
gd95c.gra;1890;1012;0.01054;100;6200
gd96a.gra;325762;273636;0.11023;100;109600
gd96b.gra;1229;793;0.012303;100;11100
gd96c.gra;1576;1022;0.013133;100;6500
gd96d.gra;6889;4785;0.018258;100;18000
hc10.gra;514402;470256;0.141164;100;102400
mesh33x33.gra;76814;57409;0.093287;100;108900
randomA1.gra;1279344;1046840;0.186491;100;100000
randomA2.gra;1707200;1499213;0.646941;100;100000
randomA3.gra;1742301;1570276;1.22213;100;100000
randomA4.gra;1658819;1226405;0.26239;100;100000
randomG4.gra;919898;825088;0.2543;100;100000
small.gra;12;11;0.003633;100;500
whitaker3.gra;11741146;9027775;1.22945;100;980000
3elt.gra;3628124;2635652;57.572;10000;47200000
airfoil1.gra;2594212;1730588;51.6555;10000;42530000
basic.gra;6;6;0.34613;10000;40000
bintree10.gra;193551;169039;4.56634;10000;10230000
c1y.gra;320153;251381;9.02412;10000;8280000
c2y.gra;431087;352474;10.6514;10000;9800000
c3y.gra;767141;613351;14.3675;10000;13270000
c4y.gra;793445;562972;14.6869;10000;13660000
c5y.gra;626220;455061;12.9967;10000;12020000
gd95c.gra;1191;945;0.988043;10000;620000
gd96a.gra;337380;265867;10.2207;10000;10960000
gd96b.gra;2168;758;1.16843;10000;1110000
gd96c.gra;1583;957;0.966309;10000;650000
gd96d.gra;6387;4521;1.65823;10000;1800000
hc10.gra;484714;470068;13.3242;10000;10240000
mesh33x33.gra;92879;57172;8.97608;10000;10890000
randomA1.gra;1178656;1033997;17.8307;10000;10000000
randomA2.gra;1569399;1463288;62.0367;10000;10000000
randomA3.gra;1746639;1544129;117.164;10000;10000000
randomA4.gra;1714689;1215422;25.1141;10000;10000000
randomG4.gra;922965;799078;24.2435;10000;10000000
small.gra;12;11;0.360116;10000;50000
whitaker3.gra;12413964;8382420;117.648;10000;98000000
3elt.gra;3575058;3322399;0.031784;1;4720
airfoil1.gra;2423650;2247384;0.028601;1;4253
basic.gra;6;6;0.000188;1;4
bintree10.gra;195663;195661;0.003007;1;1023
c1y.gra;334206;298634;0.004345;1;828
c2y.gra;445746;404263;0.005181;1;980
c3y.gra;777461;707524;0.007132;1;1327
c4y.gra;727105;636122;0.007233;1;1366
c5y.gra;645113;560287;0.006423;1;1202
gd95c.gra;1752;1645;0.000512;1;62
gd96a.gra;325324;288779;0.004585;1;1096
gd96b.gra;1428;1339;0.000583;1;111
gd96c.gra;1667;1529;0.000475;1;65
gd96d.gra;6039;5450;0.000764;1;180
hc10.gra;471444;471040;0.010499;1;1024
mesh33x33.gra;95478;93433;0.006119;1;1089
randomA1.gra;1299453;1157764;0.010476;1;1000
randomA2.gra;1776363;1678369;0.033796;1;1000
randomA3.gra;1738764;1647630;0.061608;1;1000
randomA4.gra;1404144;1289283;0.016461;1;1000
randomG4.gra;883576;833876;0.015044;1;1000
small.gra;12;12;0.00022;1;5
whitaker3.gra;12584715;11980915;0.066717;1;9800
3elt.gra;4158186;3223793;0.083184;10;47200
airfoil1.gra;2435600;1784908;0.075845;10;42530
basic.gra;6;6;0.000485;10;40
bintree10.gra;193073;179995;0.00707;10;10230
c1y.gra;331345;280698;0.012428;10;8280
c2y.gra;442599;379540;0.014721;10;9800
c3y.gra;787048;669672;0.020288;10;13270
c4y.gra;772388;590455;0.020477;10;13660
c5y.gra;592292;501266;0.018191;10;12020
gd95c.gra;1317;1065;0.001387;10;620
gd96a.gra;343414;281254;0.015129;10;10960
gd96b.gra;2168;972;0.001674;10;1110
gd96c.gra;1171;1090;0.00132;10;650
gd96d.gra;6337;5287;0.002665;10;1800
hc10.gra;503038;470792;0.021315;10;10240
mesh33x33.gra;63043;60024;0.013141;10;10890
randomA1.gra;1293927;1115459;0.025549;10;10000
randomA2.gra;1673823;1541000;0.089764;10;10000
randomA3.gra;1727580;1606792;0.166708;10;10000
randomA4.gra;1636422;1341663;0.036362;10;10000
randomG4.gra;883576;833876;0.03553;10;10000
small.gra;12;11;0.000497;10;50
whitaker3.gra;12584715;10410149;0.171899;10;98000
3elt.gra;5314250;2731671;0.601361;100;472000
airfoil1.gra;2118755;1797986;0.542352;100;425300
basic.gra;6;6;0.003559;100;400
bintree10.gra;193665;169081;0.048251;100;102300
c1y.gra;329740;273396;0.09509;100;82800
c2y.gra;453108;373933;0.112541;100;98000
c3y.gra;764915;636469;0.149087;100;132700
c4y.gra;768621;582283;0.152312;100;136600
c5y.gra;636942;480304;0.135031;100;120200
gd95c.gra;1343;1043;0.011245;100;6200
gd96a.gra;325762;279365;0.109941;100;109600
gd96b.gra;1352;866;0.015083;100;11100
gd96c.gra;1575;1022;0.012115;100;6500
gd96d.gra;6252;4841;0.017455;100;18000
hc10.gra;499302;470336;0.141182;100;102400
mesh33x33.gra;87484;58073;0.09393;100;108900
randomA1.gra;1322614;1088094;0.188106;100;100000
randomA2.gra;1698642;1509010;0.64434;100;100000
randomA3.gra;1815450;1569483;1.22138;100;100000
randomA4.gra;1573333;1280159;0.262369;100;100000
randomG4.gra;897185;827639;0.252763;100;100000
small.gra;14;11;0.003715;100;500
whitaker3.gra;10882199;8487355;1.22986;100;980000
3elt.gra;4872440;2645182;57.4522;10000;47200000
airfoil1.gra;2112761;1704358;54.4234;10000;42530000
basic.gra;6;6;0.319807;10000;40000
bintree10.gra;187901;169039;4.56392;10000;10230000
c1y.gra;328250;253047;9.00837;10000;8280000
c2y.gra;457359;351891;10.6407;10000;9800000
c3y.gra;744451;608459;14.355;10000;13270000
c4y.gra;771595;564524;14.6768;10000;13660000
c5y.gra;623661;458031;13.0094;10000;12020000
gd95c.gra;1459;943;0.985005;10000;620000
gd96a.gra;333297;265650;10.2271;10000;10960000
gd96b.gra;1443;756;1.16864;10000;1110000
gd96c.gra;1604;974;0.945205;10000;650000
gd96d.gra;6906;4479;1.7193;10000;1800000
hc10.gra;503086;470056;13.2356;10000;10240000
mesh33x33.gra;64186;57115;8.96461;10000;10890000
randomA1.gra;1302716;1036896;17.8613;10000;10000000
randomA2.gra;1696584;1456846;61.7694;10000;10000000
randomA3.gra;1678642;1529893;117.239;10000;10000000
randomA4.gra;1649860;1216294;25.1307;10000;10000000
randomG4.gra;1173733;800034;24.2803;10000;10000000
small.gra;14;11;0.335128;10000;50000
whitaker3.gra;11015621;8281626;117.721;10000;98000000
