3elt.gra;4215310;3918334;0.031318;1;4720
airfoil1.gra;2857120;2623839;0.028434;1;4253
basic.gra;6;6;0.00018;1;4
bintree10.gra;185951;185951;0.002972;1;1023
c1y.gra;341189;287034;0.004288;1;828
c2y.gra;431821;391620;0.005901;1;980
c3y.gra;741740;673981;0.00983;1;1327
c4y.gra;759193;667829;0.008393;1;1366
c5y.gra;630414;560863;0.006334;1;1202
gd95c.gra;1565;1385;0.00049;1;62
gd96a.gra;321194;285148;0.004836;1;1096
gd96b.gra;1142;1087;0.00069;1;111
gd96c.gra;1637;1560;0.000552;1;65
gd96d.gra;6089;5486;0.000899;1;180
hc10.gra;514396;513992;0.011334;1;1024
mesh33x33.gra;58477;58473;0.006473;1;1089
randomA1.gra;1326373;1203629;0.009532;1;1000
randomA2.gra;1742357;1652690;0.035618;1;1000
randomA3.gra;1770282;1678813;0.064799;1;1000
randomA4.gra;1555834;1422133;0.016361;1;1000
randomG4.gra;1286954;1159972;0.015037;1;1000
small.gra;13;11;0.000216;1;5
whitaker3.gra;12197935;11557964;0.067112;1;9800
3elt.gra;4257188;3924020;0.083267;10;47200
airfoil1.gra;2784921;2480759;0.074705;10;42530
basic.gra;6;6;0.000484;10;40
bintree10.gra;185951;185951;0.008188;10;10230
c1y.gra;335181;286783;0.014808;10;8280
c2y.gra;417915;372974;0.014705;10;9800
c3y.gra;750691;655567;0.019895;10;13270
c4y.gra;774755;665138;0.020492;10;13660
c5y.gra;633647;546629;0.018437;10;12020
gd95c.gra;1538;1293;0.001381;10;620
gd96a.gra;327241;280954;0.013768;10;10960
gd96b.gra;1198;1012;0.001687;10;1110
gd96c.gra;1676;1434;0.001308;10;650
gd96d.gra;6131;4800;0.002343;10;1800
hc10.gra;514404;513992;0.021238;10;10240
mesh33x33.gra;58576;58425;0.012813;10;10890
randomA1.gra;1335340;1172937;0.025917;10;10000
randomA2.gra;1687243;1552949;0.090291;10;10000
randomA3.gra;1755777;1637476;0.17053;10;10000
randomA4.gra;1562786;1300868;0.036472;10;10000
randomG4.gra;1310299;1154617;0.035623;10;10000
small.gra;14;11;0.000514;10;50
whitaker3.gra;12271956;11573850;0.171476;10;98000
3elt.gra;4257188;3822069;0.68725;100;472000
airfoil1.gra;2747171;2465487;0.538343;100;425300
basic.gra;6;6;0.003447;100;400
bintree10.gra;185951;185951;0.049627;100;102300
c1y.gra;340488;278624;0.09344;100;82800
c2y.gra;439068;372455;0.110138;100;98000
c3y.gra;727696;648428;0.150094;100;132700
c4y.gra;775367;664349;0.152029;100;136600
c5y.gra;621966;537302;0.135067;100;120200
gd95c.gra;1479;1205;0.010222;100;6200
gd96a.gra;326176;281004;0.105541;100;109600
gd96b.gra;1223;934;0.015275;100;11100
gd96c.gra;1617;1359;0.010313;100;6500
gd96d.gra;6100;4688;0.019068;100;18000
hc10.gra;514408;513988;0.139196;100;102400
mesh33x33.gra;58853;58124;0.092881;100;108900
randomA1.gra;1364204;1171159;0.187525;100;100000
randomA2.gra;1695468;1523193;0.650028;100;100000
randomA3.gra;1789713;1628005;1.21954;100;100000
randomA4.gra;1465579;1301668;0.262379;100;100000
randomG4.gra;1319077;1130671;0.254424;100;100000
small.gra;14;11;0.003582;100;500
whitaker3.gra;12310683;11548001;1.23044;100;980000
3elt.gra;4147998;3844393;0.0314;1;4720
airfoil1.gra;2779540;2542995;0.028468;1;4253
basic.gra;6;6;0.000198;1;4
bintree10.gra;185951;185951;0.00298;1;1023
c1y.gra;340434;296708;0.004353;1;828
c2y.gra;429990;384945;0.005219;1;980
c3y.gra;744275;674474;0.007047;1;1327
c4y.gra;772299;674620;0.007218;1;1366
c5y.gra;633398;552339;0.006396;1;1202
gd95c.gra;1476;1332;0.000484;1;62
gd96a.gra;323356;286778;0.0046;1;1096
gd96b.gra;1177;1123;0.000593;1;111
gd96c.gra;1637;1494;0.000557;1;65
gd96d.gra;5754;5076;0.000924;1;180
hc10.gra;514400;513996;0.011322;1;1024
mesh33x33.gra;58796;58786;0.00567;1;1089
randomA1.gra;1343776;1215594;0.009628;1;1000
randomA2.gra;1678666;1583734;0.037599;1;1000
randomA3.gra;1790513;1700311;0.067579;1;1000
randomA4.gra;1497792;1359480;0.013986;1;1000
randomG4.gra;1282108;1172020;0.014742;1;1000
small.gra;13;11;0.000188;1;5
whitaker3.gra;12286073;11625547;0.068526;1;9800
3elt.gra;4147998;3844393;0.083633;10;47200
airfoil1.gra;2779540;2504854;0.077237;10;42530
basic.gra;6;6;0.000513;10;40
bintree10.gra;185951;185951;0.007877;10;10230
c1y.gra;340434;283768;0.017236;10;8280
c2y.gra;429990;383143;0.014717;10;9800
c3y.gra;744275;653902;0.02197;10;13270
c4y.gra;772299;670839;0.02092;10;13660
c5y.gra;633398;550217;0.018019;10;12020
gd95c.gra;1476;1305;0.001384;10;620
gd96a.gra;323356;282609;0.013828;10;10960
gd96b.gra;1214;1079;0.001744;10;1110
gd96c.gra;1662;1391;0.001304;10;650
gd96d.gra;5602;4969;0.002787;10;1800
hc10.gra;514398;513990;0.022232;10;10240
mesh33x33.gra;58409;58293;0.016082;10;10890
randomA1.gra;1342446;1177927;0.025643;10;10000
randomA2.gra;1714443;1567223;0.09139;10;10000
randomA3.gra;1797340;1655620;0.172309;10;10000
randomA4.gra;1546720;1306689;0.036806;10;10000
randomG4.gra;1271241;1159820;0.037034;10;10000
small.gra;14;11;0.000516;10;50
whitaker3.gra;12238189;11573966;0.174043;10;98000
3elt.gra;4352017;3840665;0.60179;100;472000
airfoil1.gra;2808594;2460924;0.540031;100;425300
basic.gra;6;6;0.003559;100;400
bintree10.gra;185951;185951;0.049628;100;102300
c1y.gra;341482;284895;0.09353;100;82800
c2y.gra;416759;372000;0.11019;100;98000
c3y.gra;740801;645595;0.148293;100;132700
c4y.gra;781981;660738;0.152328;100;136600
c5y.gra;645290;535198;0.134903;100;120200
gd95c.gra;1576;1216;0.010375;100;6200
gd96a.gra;322156;282382;0.105714;100;109600
gd96b.gra;1191;976;0.012506;100;11100
gd96c.gra;1616;1307;0.010537;100;6500
gd96d.gra;6168;4798;0.018364;100;18000
hc10.gra;514402;513988;0.141882;100;102400
mesh33x33.gra;58794;58235;0.09006;100;108900
randomA1.gra;1347344;1152670;0.188868;100;100000
randomA2.gra;1656682;1546354;0.649725;100;100000
randomA3.gra;1739302;1594986;1.21994;100;100000
randomA4.gra;1513840;1298486;0.262687;100;100000
randomG4.gra;1289714;1144020;0.254025;100;100000
small.gra;13;11;0.003711;100;500
whitaker3.gra;12295632;11554425;1.23362;100;980000
3elt.gra;4223841;3911521;0.031714;1;4720
airfoil1.gra;2748206;2515688;0.028101;1;4253
basic.gra;6;6;0.000178;1;4
bintree10.gra;185951;185951;0.002946;1;1023
c1y.gra;333643;296330;0.004312;1;828
c2y.gra;434219;391607;0.005673;1;980
c3y.gra;734540;658345;0.010074;1;1327
c4y.gra;762447;681353;0.007944;1;1366
c5y.gra;635283;574616;0.006312;1;1202
gd95c.gra;1394;1310;0.000495;1;62
gd96a.gra;325915;287861;0.004565;1;1096
gd96b.gra;1272;1159;0.000594;1;111
gd96c.gra;1649;1462;0.000458;1;65
gd96d.gra;6075;5216;0.000898;1;180
hc10.gra;514398;513994;0.011327;1;1024
mesh33x33.gra;59161;59161;0.005625;1;1089
randomA1.gra;1346879;1212771;0.009665;1;1000
randomA2.gra;1671163;1578489;0.035442;1;1000
randomA3.gra;1762360;1669421;0.063208;1;1000
randomA4.gra;1534488;1388461;0.014007;1;1000
randomG4.gra;1307510;1189145;0.016458;1;1000
small.gra;13;11;0.000196;1;5
whitaker3.gra;12273543;11633173;0.066094;1;9800
3elt.gra;4290047;3894880;0.083454;10;47200
airfoil1.gra;2805044;2475414;0.074689;10;42530
basic.gra;6;6;0.000506;10;40
bintree10.gra;185951;185951;0.007066;10;10230
c1y.gra;343501;283254;0.015174;10;8280
c2y.gra;421498;377891;0.014699;10;9800
c3y.gra;744413;659051;0.02127;10;13270
c4y.gra;772487;675333;0.02039;10;13660
c5y.gra;638034;543640;0.017982;10;12020
gd95c.gra;1578;1301;0.001374;10;620
gd96a.gra;323315;284093;0.014831;10;10960
gd96b.gra;1147;993;0.002032;10;1110
gd96c.gra;1640;1440;0.001587;10;650
gd96d.gra;6116;5007;0.002757;10;1800
hc10.gra;514404;513988;0.021874;10;10240
mesh33x33.gra;58817;58382;0.012858;10;10890
randomA1.gra;1395072;1194404;0.025618;10;10000
randomA2.gra;1731785;1579675;0.089961;10;10000
randomA3.gra;1762360;1649769;0.170053;10;10000
randomA4.gra;1534488;1325142;0.03664;10;10000
randomG4.gra;1307510;1157272;0.035673;10;10000
small.gra;13;11;0.000514;10;50
whitaker3.gra;12273543;11577922;0.172102;10;98000
3elt.gra;4178291;3837189;0.600921;100;472000
airfoil1.gra;2853662;2466706;0.541523;100;425300
basic.gra;6;6;0.003602;100;400
bintree10.gra;185951;185951;0.052234;100;102300
c1y.gra;339647;282144;0.093282;100;82800
c2y.gra;441401;371594;0.109857;100;98000
c3y.gra;743772;648940;0.148855;100;132700
c4y.gra;774867;660292;0.15252;100;136600
c5y.gra;631163;531940;0.135025;100;120200
gd95c.gra;1533;1189;0.010173;100;6200
gd96a.gra;323299;279308;0.107423;100;109600
gd96b.gra;1170;964;0.012554;100;11100
gd96c.gra;1646;1375;0.010709;100;6500
gd96d.gra;5759;4849;0.017852;100;18000
hc10.gra;514398;513988;0.13897;100;102400
mesh33x33.gra;58804;58146;0.090272;100;108900
randomA1.gra;1348998;1164473;0.185877;100;100000
randomA2.gra;1741398;1553303;0.650774;100;100000
randomA3.gra;1737316;1620718;1.22082;100;100000
randomA4.gra;1448650;1287512;0.262514;100;100000
randomG4.gra;1309816;1150080;0.259067;100;100000
small.gra;14;11;0.003647;100;500
whitaker3.gra;12250853;11543945;1.23033;100;980000
3elt.gra;4263594;3972648;0.031601;1;4720
airfoil1.gra;2690199;2461865;0.028248;1;4253
basic.gra;6;6;0.000181;1;4
bintree10.gra;185951;185951;0.003012;1;1023
c1y.gra;337688;304477;0.004265;1;828
c2y.gra;427663;386306;0.00515;1;980
c3y.gra;745298;676526;0.00736;1;1327
c4y.gra;774181;685651;0.009556;1;1366
c5y.gra;629016;550485;0.006381;1;1202
gd95c.gra;1411;1267;0.000482;1;62
gd96a.gra;323940;287540;0.004576;1;1096
gd96b.gra;1241;1157;0.000588;1;111
gd96c.gra;1655;1493;0.000501;1;65
gd96d.gra;5794;5323;0.000926;1;180
hc10.gra;514400;513996;0.010504;1;1024
mesh33x33.gra;58455;58449;0.005065;1;1089
randomA1.gra;1355562;1214597;0.009589;1;1000
randomA2.gra;1869969;1763909;0.036402;1;1000
randomA3.gra;1759990;1667785;0.063217;1;1000
randomA4.gra;1541001;1396159;0.016424;1;1000
randomG4.gra;1310073;1188170;0.015358;1;1000
small.gra;14;13;0.000225;1;5
whitaker3.gra;12278212;11662414;0.065735;1;9800
3elt.gra;4263594;3958008;0.083687;10;47200
airfoil1.gra;2690199;2461865;0.075099;10;42530
basic.gra;6;6;0.000486;10;40
bintree10.gra;185951;185951;0.007071;10;10230
c1y.gra;337688;299551;0.012418;10;8280
c2y.gra;427663;377792;0.014705;10;9800
c3y.gra;745298;657752;0.019865;10;13270
c4y.gra;774181;671950;0.020492;10;13660
c5y.gra;629016;546124;0.018715;10;12020
gd95c.gra;1409;1231;0.001383;10;620
gd96a.gra;323657;282359;0.01378;10;10960
gd96b.gra;1211;1000;0.001733;10;1110
gd96c.gra;1634;1362;0.001329;10;650
gd96d.gra;5848;4808;0.002387;10;1800
hc10.gra;514394;513986;0.022534;10;10240
mesh33x33.gra;58694;58639;0.014043;10;10890
randomA1.gra;1351243;1187216;0.026163;10;10000
randomA2.gra;1715945;1593010;0.090674;10;10000
randomA3.gra;1780056;1656033;0.171695;10;10000
randomA4.gra;1536461;1344022;0.036708;10;10000
randomG4.gra;1279193;1158247;0.035899;10;10000
small.gra;14;11;0.000492;10;50
whitaker3.gra;12294925;11560190;0.17267;10;98000
3elt.gra;4226284;3830198;0.60126;100;472000
airfoil1.gra;2844443;2474180;0.540444;100;425300
basic.gra;6;6;0.003358;100;400
bintree10.gra;185951;185951;0.052094;100;102300
c1y.gra;343717;282265;0.093353;100;82800
c2y.gra;439126;373903;0.111362;100;98000
c3y.gra;727642;649867;0.148378;100;132700
c4y.gra;775068;667479;0.153925;100;136600
c5y.gra;641991;538496;0.134483;100;120200
gd95c.gra;1464;1215;0.010158;100;6200
gd96a.gra;323586;281841;0.110916;100;109600
gd96b.gra;1136;1018;0.012475;100;11100
gd96c.gra;1663;1295;0.010254;100;6500
gd96d.gra;5756;4650;0.018752;100;18000
hc10.gra;514402;513988;0.139229;100;102400
mesh33x33.gra;58704;58094;0.091201;100;108900
randomA1.gra;1269381;1147610;0.188933;100;100000
randomA2.gra;1701642;1528164;0.650619;100;100000
randomA3.gra;1737677;1625247;1.22211;100;100000
randomA4.gra;1489275;1292598;0.262214;100;100000
randomG4.gra;1316255;1141369;0.25383;100;100000
small.gra;14;11;0.003533;100;500
whitaker3.gra;12336165;11539373;1.22905;100;980000
3elt.gra;4390898;4067862;0.031472;1;4720
airfoil1.gra;2713998;2485171;0.028411;1;4253
basic.gra;6;6;0.000175;1;4
bintree10.gra;185951;185951;0.002992;1;1023
c1y.gra;338232;299437;0.004331;1;828
c2y.gra;424738;389993;0.0051;1;980
c3y.gra;724243;657690;0.008381;1;1327
c4y.gra;765563;669416;0.007471;1;1366
c5y.gra;637248;559959;0.006715;1;1202
gd95c.gra;1515;1311;0.000478;1;62
gd96a.gra;321646;287343;0.004535;1;1096
gd96b.gra;1369;1211;0.000577;1;111
gd96c.gra;1621;1553;0.000544;1;65
gd96d.gra;5671;5255;0.000921;1;180
hc10.gra;514408;514004;0.011345;1;1024
mesh33x33.gra;58245;58245;0.006102;1;1089
randomA1.gra;1344181;1225132;0.01078;1;1000
randomA2.gra;1725496;1627083;0.036256;1;1000
randomA3.gra;1796432;1704518;0.067736;1;1000
randomA4.gra;1456326;1320822;0.013992;1;1000
randomG4.gra;1266151;1142278;0.016177;1;1000
small.gra;14;13;0.000187;1;5
whitaker3.gra;12221799;11591362;0.066128;1;9800
3elt.gra;4227489;3894622;0.083618;10;47200
airfoil1.gra;2816991;2495606;0.074842;10;42530
basic.gra;6;6;0.000465;10;40
bintree10.gra;185951;185951;0.007064;10;10230
c1y.gra;338449;296540;0.015106;10;8280
c2y.gra;435380;372025;0.014698;10;9800
c3y.gra;730294;654703;0.019835;10;13270
c4y.gra;774889;668232;0.020407;10;13660
c5y.gra;623832;541818;0.018051;10;12020
gd95c.gra;1515;1274;0.001405;10;620
gd96a.gra;321646;287343;0.014866;10;10960
gd96b.gra;1369;1014;0.002038;10;1110
gd96c.gra;1621;1398;0.001595;10;650
gd96d.gra;5671;4682;0.00276;10;1800
hc10.gra;514408;513988;0.025086;10;10240
mesh33x33.gra;58245;58245;0.014182;10;10890
randomA1.gra;1344181;1185920;0.025622;10;10000
randomA2.gra;1725496;1543255;0.090102;10;10000
randomA3.gra;1796432;1644766;0.169307;10;10000
randomA4.gra;1422393;1294502;0.037912;10;10000
randomG4.gra;1282840;1151836;0.035653;10;10000
small.gra;14;11;0.000527;10;50
whitaker3.gra;12260236;11551953;0.174671;10;98000
3elt.gra;4232526;3844519;0.600263;100;472000
airfoil1.gra;2735113;2467570;0.54019;100;425300
basic.gra;6;6;0.003539;100;400
bintree10.gra;185951;185951;0.052378;100;102300
c1y.gra;341665;274788;0.093383;100;82800
c2y.gra;439621;374541;0.109966;100;98000
c3y.gra;732503;649002;0.149747;100;132700
c4y.gra;775677;661095;0.152256;100;136600
c5y.gra;628930;540030;0.134575;100;120200
gd95c.gra;1416;1224;0.010992;100;6200
gd96a.gra;324226;280664;0.105583;100;109600
gd96b.gra;1288;1002;0.012416;100;11100
gd96c.gra;1623;1352;0.010059;100;6500
gd96d.gra;6184;4691;0.018976;100;18000
hc10.gra;514406;513984;0.139361;100;102400
mesh33x33.gra;58971;58150;0.092333;100;108900
randomA1.gra;1312759;1163528;0.192571;100;100000
randomA2.gra;1640535;1540933;0.647878;100;100000
randomA3.gra;1788654;1616157;1.22104;100;100000
randomA4.gra;1462296;1294183;0.262651;100;100000
randomG4.gra;1269855;1141416;0.254449;100;100000
small.gra;14;11;0.003682;100;500
whitaker3.gra;12322558;11549661;1.22875;100;980000
3elt.gra;4241092;3935110;0.031774;1;4720
airfoil1.gra;2823624;2593145;0.02818;1;4253
basic.gra;6;6;0.00018;1;4
bintree10.gra;185951;185951;0.003101;1;1023
c1y.gra;344782;306617;0.004428;1;828
c2y.gra;433264;392341;0.005123;1;980
c3y.gra;731373;657778;0.008234;1;1327
c4y.gra;780498;676329;0.00762;1;1366
c5y.gra;632236;558954;0.006296;1;1202
gd95c.gra;1418;1297;0.00048;1;62
gd96a.gra;324827;288926;0.004558;1;1096
gd96b.gra;1217;1144;0.000581;1;111
gd96c.gra;1641;1473;0.000537;1;65
gd96d.gra;6265;5808;0.000941;1;180
hc10.gra;514406;514002;0.01109;1;1024
mesh33x33.gra;58838;58834;0.005063;1;1089
randomA1.gra;1313570;1179998;0.010989;1;1000
randomA2.gra;1732906;1644326;0.035363;1;1000
randomA3.gra;1798986;1705140;0.063512;1;1000
randomA4.gra;1464115;1321343;0.015321;1;1000
randomG4.gra;1273808;1146687;0.015453;1;1000
small.gra;13;11;0.000232;1;5
whitaker3.gra;12249561;11606806;0.067104;1;9800
3elt.gra;4241092;3830192;0.083556;10;47200
airfoil1.gra;2823624;2479559;0.074523;10;42530
basic.gra;6;6;0.000466;10;40
bintree10.gra;185951;185951;0.00806;10;10230
c1y.gra;338971;282607;0.014934;10;8280
c2y.gra;432994;378793;0.014755;10;9800
c3y.gra;724917;652227;0.023458;10;13270
c4y.gra;755229;661933;0.020385;10;13660
c5y.gra;624719;540105;0.017975;10;12020
gd95c.gra;1523;1263;0.001375;10;620
gd96a.gra;324480;284401;0.015819;10;10960
gd96b.gra;1211;992;0.001707;10;1110
gd96c.gra;1612;1446;0.001304;10;650
gd96d.gra;6262;4913;0.002594;10;1800
hc10.gra;514408;513994;0.022726;10;10240
mesh33x33.gra;58807;58434;0.012861;10;10890
randomA1.gra;1321448;1177398;0.025772;10;10000
randomA2.gra;1732335;1554550;0.091238;10;10000
randomA3.gra;1757063;1658749;0.172629;10;10000
randomA4.gra;1468296;1305562;0.036703;10;10000
randomG4.gra;1278433;1155179;0.035621;10;10000
small.gra;13;11;0.000481;10;50
whitaker3.gra;12280320;11572401;0.171596;10;98000
3elt.gra;4247033;3832384;0.601356;100;472000
airfoil1.gra;2821339;2466088;0.538386;100;425300
basic.gra;6;6;0.003601;100;400
bintree10.gra;185951;185951;0.051936;100;102300
c1y.gra;336630;284228;0.093543;100;82800
c2y.gra;436549;373108;0.109723;100;98000
c3y.gra;752515;647571;0.148404;100;132700
c4y.gra;771599;653182;0.153674;100;136600
c5y.gra;637855;535180;0.134527;100;120200
gd95c.gra;1599;1196;0.010197;100;6200
gd96a.gra;330574;282597;0.105327;100;109600
gd96b.gra;1112;973;0.012676;100;11100
gd96c.gra;1657;1343;0.012079;100;6500
gd96d.gra;6026;4845;0.019719;100;18000
hc10.gra;514400;513986;0.140309;100;102400
mesh33x33.gra;58168;58088;0.09027;100;108900
randomA1.gra;1351378;1160315;0.186359;100;100000
randomA2.gra;1671408;1526290;0.651289;100;100000
randomA3.gra;1794277;1634400;1.21957;100;100000
randomA4.gra;1495468;1289673;0.263501;100;100000
randomG4.gra;1317939;1145742;0.254663;100;100000
small.gra;14;11;0.00358;100;500
whitaker3.gra;12263835;11509166;1.23198;100;980000
3elt.gra;4257375;3949565;0.031742;1;4720
airfoil1.gra;2707238;2501997;0.028148;1;4253
basic.gra;6;6;0.000178;1;4
bintree10.gra;185951;185951;0.002959;1;1023
c1y.gra;344805;299988;0.004461;1;828
c2y.gra;443271;397092;0.006173;1;980
c3y.gra;736145;667547;0.007178;1;1327
c4y.gra;769649;679369;0.008076;1;1366
c5y.gra;624515;549125;0.009163;1;1202
gd95c.gra;1548;1393;0.000483;1;62
gd96a.gra;322271;288453;0.004603;1;1096
gd96b.gra;1193;1106;0.00059;1;111
gd96c.gra;1630;1489;0.000481;1;65
gd96d.gra;5989;5406;0.000767;1;180
hc10.gra;514402;513998;0.010814;1;1024
mesh33x33.gra;59142;59138;0.005056;1;1089
randomA1.gra;1380465;1255772;0.009714;1;1000
randomA2.gra;1680095;1587701;0.034671;1;1000
randomA3.gra;1738023;1645951;0.064882;1;1000
randomA4.gra;1518258;1377635;0.013889;1;1000
randomG4.gra;1305575;1194255;0.015801;1;1000
small.gra;14;13;0.000189;1;5
whitaker3.gra;12202685;11574930;0.066666;1;9800
3elt.gra;4217520;3885511;0.08343;10;47200
airfoil1.gra;2707238;2501997;0.07471;10;42530
basic.gra;6;6;0.000502;10;40
bintree10.gra;185951;185951;0.007063;10;10230
c1y.gra;344805;282604;0.016497;10;8280
c2y.gra;443271;378346;0.014718;10;9800
c3y.gra;736145;648531;0.021298;10;13270
c4y.gra;769649;666400;0.020447;10;13660
c5y.gra;624515;547445;0.018088;10;12020
gd95c.gra;1548;1272;0.001396;10;620
gd96a.gra;322271;283944;0.01506;10;10960
gd96b.gra;1193;1029;0.002031;10;1110
gd96c.gra;1630;1403;0.001559;10;650
gd96d.gra;5989;4897;0.002772;10;1800
hc10.gra;514402;513992;0.021723;10;10240
mesh33x33.gra;59142;58413;0.01281;10;10890
randomA1.gra;1380465;1177989;0.025921;10;10000
randomA2.gra;1680095;1557488;0.090293;10;10000
randomA3.gra;1738023;1634624;0.173645;10;10000
randomA4.gra;1515714;1328738;0.036608;10;10000
randomG4.gra;1293587;1158633;0.037756;10;10000
small.gra;14;11;0.00049;10;50
whitaker3.gra;12284080;11550156;0.172003;10;98000
3elt.gra;4279124;3825778;0.600992;100;472000
airfoil1.gra;2802162;2472391;0.538685;100;425300
basic.gra;6;6;0.003415;100;400
bintree10.gra;185951;185951;0.048319;100;102300
c1y.gra;334124;282544;0.093312;100;82800
c2y.gra;431722;372694;0.109674;100;98000
c3y.gra;741976;643400;0.148405;100;132700
c4y.gra;761558;663245;0.154544;100;136600
c5y.gra;628105;540969;0.134831;100;120200
gd95c.gra;1580;1211;0.010233;100;6200
gd96a.gra;324492;281964;0.107583;100;109600
gd96b.gra;1068;966;0.012681;100;11100
gd96c.gra;1668;1351;0.011352;100;6500
gd96d.gra;5959;4755;0.017892;100;18000
hc10.gra;514404;513986;0.142853;100;102400
mesh33x33.gra;58607;58133;0.090233;100;108900
randomA1.gra;1376793;1178280;0.186278;100;100000
randomA2.gra;1743084;1525289;0.650052;100;100000
randomA3.gra;1727967;1605836;1.22418;100;100000
randomA4.gra;1439629;1270869;0.262367;100;100000
randomG4.gra;1295492;1137918;0.254316;100;100000
small.gra;14;11;0.00375;100;500
whitaker3.gra;12227377;11538973;1.2295;100;980000
3elt.gra;4267141;3957354;0.031554;1;4720
airfoil1.gra;2871310;2628543;0.028398;1;4253
basic.gra;6;6;0.00019;1;4
bintree10.gra;185951;185951;0.002982;1;1023
c1y.gra;344162;305366;0.004326;1;828
c2y.gra;430318;392150;0.005427;1;980
c3y.gra;728068;662730;0.007137;1;1327
c4y.gra;766468;674567;0.007208;1;1366
c5y.gra;623200;547731;0.006304;1;1202
gd95c.gra;1576;1418;0.000484;1;62
gd96a.gra;321195;285175;0.004579;1;1096
gd96b.gra;1180;1070;0.000601;1;111
gd96c.gra;1667;1402;0.000713;1;65
gd96d.gra;6012;5452;0.000923;1;180
hc10.gra;514396;513992;0.010407;1;1024
mesh33x33.gra;58263;58259;0.005102;1;1089
randomA1.gra;1345665;1223211;0.009534;1;1000
randomA2.gra;1627415;1535529;0.034405;1;1000
randomA3.gra;1797448;1704618;0.063863;1;1000
randomA4.gra;1514944;1380619;0.013926;1;1000
randomG4.gra;1289338;1173129;0.013758;1;1000
small.gra;14;13;0.000184;1;5
whitaker3.gra;12256630;11613229;0.066221;1;9800
3elt.gra;4267141;3895984;0.08352;10;47200
airfoil1.gra;2861104;2528625;0.074875;10;42530
basic.gra;6;6;0.0005;10;40
bintree10.gra;185951;185951;0.007104;10;10230
c1y.gra;335431;287071;0.012439;10;8280
c2y.gra;422292;373196;0.014727;10;9800
c3y.gra;741188;655093;0.0199;10;13270
c4y.gra;789438;668048;0.020447;10;13660
c5y.gra;624279;542182;0.018094;10;12020
gd95c.gra;1448;1291;0.001368;10;620
gd96a.gra;320649;285087;0.013757;10;10960
gd96b.gra;1279;1013;0.001693;10;1110
gd96c.gra;1664;1403;0.001292;10;650
gd96d.gra;6007;4964;0.002372;10;1800
hc10.gra;514400;513992;0.021232;10;10240
mesh33x33.gra;58774;58226;0.012948;10;10890
randomA1.gra;1303087;1170434;0.025562;10;10000
randomA2.gra;1684715;1567922;0.090382;10;10000
randomA3.gra;1779358;1665464;0.168542;10;10000
randomA4.gra;1584865;1335828;0.036599;10;10000
randomG4.gra;1280152;1156502;0.035973;10;10000
small.gra;14;11;0.000515;10;50
whitaker3.gra;12308414;11542260;0.17206;10;98000
3elt.gra;4165812;3850942;0.599825;100;472000
airfoil1.gra;2881020;2468150;0.538948;100;425300
basic.gra;6;6;0.003549;100;400
bintree10.gra;185951;185951;0.050972;100;102300
c1y.gra;344043;282675;0.093454;100;82800
c2y.gra;434850;371024;0.109876;100;98000
c3y.gra;734781;643509;0.149845;100;132700
c4y.gra;771342;659700;0.152356;100;136600
c5y.gra;631826;540001;0.134575;100;120200
gd95c.gra;1431;1219;0.010417;100;6200
gd96a.gra;327505;281613;0.105876;100;109600
gd96b.gra;1395;975;0.013973;100;11100
gd96c.gra;1667;1359;0.009749;100;6500
gd96d.gra;5798;4804;0.017782;100;18000
hc10.gra;514402;513986;0.139442;100;102400
mesh33x33.gra;58998;57921;0.092956;100;108900
randomA1.gra;1367799;1164966;0.186356;100;100000
randomA2.gra;1713439;1549478;0.648496;100;100000
randomA3.gra;1731215;1624574;1.22183;100;100000
randomA4.gra;1450263;1291716;0.262505;100;100000
randomG4.gra;1315809;1143865;0.254423;100;100000
small.gra;13;11;0.003763;100;500
whitaker3.gra;12223770;11539603;1.22969;100;980000
3elt.gra;4279944;3987386;0.032108;1;4720
airfoil1.gra;2788350;2575710;0.028257;1;4253
basic.gra;6;6;0.000177;1;4
bintree10.gra;185951;185951;0.002972;1;1023
c1y.gra;341023;303872;0.004315;1;828
c2y.gra;427790;380559;0.005139;1;980
c3y.gra;754217;680194;0.007115;1;1327
c4y.gra;764294;672386;0.007223;1;1366
c5y.gra;619641;535902;0.00664;1;1202
gd95c.gra;1434;1305;0.000489;1;62
gd96a.gra;324735;293329;0.00466;1;1096
gd96b.gra;1120;1063;0.000606;1;111
gd96c.gra;1600;1484;0.000447;1;65
gd96d.gra;5983;5451;0.000754;1;180
hc10.gra;514402;513998;0.009396;1;1024
mesh33x33.gra;58571;58557;0.005067;1;1089
randomA1.gra;1371366;1245872;0.009653;1;1000
randomA2.gra;1706162;1619869;0.034114;1;1000
randomA3.gra;1763709;1678599;0.066042;1;1000
randomA4.gra;1525511;1378740;0.013831;1;1000
randomG4.gra;1335470;1211991;0.013826;1;1000
small.gra;13;11;0.00019;1;5
whitaker3.gra;12279229;11631791;0.066433;1;9800
3elt.gra;4279944;3908710;0.083524;10;47200
airfoil1.gra;2788350;2476030;0.075138;10;42530
basic.gra;6;6;0.000486;10;40
bintree10.gra;185951;185951;0.0071;10;10230
c1y.gra;341023;288402;0.012419;10;8280
c2y.gra;427790;374897;0.014713;10;9800
c3y.gra;754217;654254;0.019959;10;13270
c4y.gra;764294;667798;0.020455;10;13660
c5y.gra;619641;535902;0.018037;10;12020
gd95c.gra;1434;1224;0.001406;10;620
gd96a.gra;324735;285627;0.013832;10;10960
gd96b.gra;1120;1063;0.001712;10;1110
gd96c.gra;1600;1471;0.001307;10;650
gd96d.gra;5983;5193;0.002293;10;1800
hc10.gra;514402;513990;0.02116;10;10240
mesh33x33.gra;58571;58557;0.012862;10;10890
randomA1.gra;1371366;1204762;0.025904;10;10000
randomA2.gra;1706162;1578415;0.091288;10;10000
randomA3.gra;1763709;1649419;0.171107;10;10000
randomA4.gra;1441364;1303366;0.036544;10;10000
randomG4.gra;1314326;1157917;0.035838;10;10000
small.gra;13;11;0.00052;10;50
whitaker3.gra;12237636;11562946;0.171858;10;98000
3elt.gra;4434124;3828230;0.601199;100;472000
airfoil1.gra;2936337;2465508;0.541087;100;425300
basic.gra;6;6;0.003545;100;400
bintree10.gra;185951;185951;0.049635;100;102300
c1y.gra;341730;279150;0.093344;100;82800
c2y.gra;433666;370729;0.110241;100;98000
c3y.gra;747566;650135;0.148704;100;132700
c4y.gra;760419;660043;0.152042;100;136600
c5y.gra;627257;535929;0.134571;100;120200
gd95c.gra;1475;1184;0.010423;100;6200
gd96a.gra;322432;281140;0.105555;100;109600
gd96b.gra;1207;973;0.012544;100;11100
gd96c.gra;1650;1371;0.009805;100;6500
gd96d.gra;5807;4665;0.017663;100;18000
hc10.gra;514400;513986;0.139062;100;102400
mesh33x33.gra;58605;58223;0.093026;100;108900
randomA1.gra;1338436;1169181;0.186116;100;100000
randomA2.gra;1688613;1542472;0.647981;100;100000
randomA3.gra;1749420;1609780;1.2224;100;100000
randomA4.gra;1557758;1288243;0.262283;100;100000
randomG4.gra;1286355;1142476;0.254913;100;100000
small.gra;14;11;0.003802;100;500
whitaker3.gra;12211979;11553177;1.2296;100;980000
3elt.gra;4266200;3961277;0.031728;1;4720
airfoil1.gra;2739680;2516352;0.028188;1;4253
basic.gra;6;6;0.000184;1;4
bintree10.gra;185951;185951;0.002978;1;1023
c1y.gra;338908;306885;0.00428;1;828
c2y.gra;418040;373559;0.005155;1;980
c3y.gra;741446;666774;0.007086;1;1327
c4y.gra;758494;663425;0.007245;1;1366
c5y.gra;630187;545771;0.006291;1;1202
gd95c.gra;1357;1267;0.000482;1;62
gd96a.gra;325680;291802;0.004549;1;1096
gd96b.gra;1306;1172;0.000581;1;111
gd96c.gra;1625;1433;0.000446;1;65
gd96d.gra;5651;5142;0.000756;1;180
hc10.gra;514406;514002;0.009465;1;1024
mesh33x33.gra;58198;58194;0.005228;1;1089
randomA1.gra;1354195;1224971;0.009629;1;1000
randomA2.gra;1764491;1673256;0.034211;1;1000
randomA3.gra;1783391;1696451;0.064228;1;1000
randomA4.gra;1451036;1321519;0.014014;1;1000
randomG4.gra;1304795;1188896;0.013718;1;1000
small.gra;14;13;0.000187;1;5
whitaker3.gra;12281218;11629009;0.06623;1;9800
3elt.gra;4266200;3875404;0.083779;10;47200
airfoil1.gra;2779102;2523606;0.074992;10;42530
basic.gra;6;6;0.000479;10;40
bintree10.gra;185951;185951;0.007074;10;10230
c1y.gra;340439;290362;0.012446;10;8280
c2y.gra;430526;379970;0.014664;10;9800
c3y.gra;742515;652157;0.019958;10;13270
c4y.gra;771586;665523;0.020412;10;13660
c5y.gra;631837;546058;0.01808;10;12020
gd95c.gra;1528;1261;0.001402;10;620
gd96a.gra;323839;282503;0.013825;10;10960
gd96b.gra;1307;1023;0.001689;10;1110
gd96c.gra;1609;1434;0.001288;10;650
gd96d.gra;5949;5007;0.002308;10;1800
hc10.gra;514400;513994;0.021219;10;10240
mesh33x33.gra;58898;58241;0.012954;10;10890
randomA1.gra;1340152;1179337;0.025646;10;10000
randomA2.gra;1739677;1549771;0.090933;10;10000
randomA3.gra;1758254;1667746;0.16944;10;10000
randomA4.gra;1554684;1321583;0.038799;10;10000
randomG4.gra;1295799;1150431;0.035829;10;10000
small.gra;13;11;0.000508;10;50
whitaker3.gra;12229825;11583844;0.172261;10;98000
3elt.gra;4358114;3833657;0.601318;100;472000
airfoil1.gra;2696336;2460129;0.539286;100;425300
basic.gra;6;6;0.003332;100;400
bintree10.gra;185951;185951;0.05114;100;102300
c1y.gra;338561;280749;0.093152;100;82800
c2y.gra;438412;370971;0.109884;100;98000
c3y.gra;722368;653032;0.149999;100;132700
c4y.gra;760077;664701;0.152069;100;136600
c5y.gra;636184;537451;0.134921;100;120200
gd95c.gra;1461;1214;0.010293;100;6200
gd96a.gra;323642;282298;0.105258;100;109600
gd96b.gra;1208;1019;0.013801;100;11100
gd96c.gra;1656;1347;0.009625;100;6500
gd96d.gra;5948;4694;0.017999;100;18000
hc10.gra;514404;513988;0.139376;100;102400
mesh33x33.gra;59203;58100;0.091695;100;108900
randomA1.gra;1328418;1173191;0.186251;100;100000
randomA2.gra;1731707;1531315;0.648438;100;100000
randomA3.gra;1765284;1626465;1.21928;100;100000
randomA4.gra;1512243;1288524;0.262499;100;100000
randomG4.gra;1306339;1142430;0.254604;100;100000
small.gra;14;11;0.003698;100;500
whitaker3.gra;12233402;11522721;1.23032;100;980000
