3elt.gra;4193774;3883503;0.031491;1;4720
airfoil1.gra;3651408;3376906;0.030153;1;4253
basic.gra;6;6;0.000174;1;4
bintree10.gra;196291;196289;0.002956;1;1023
c1y.gra;334803;299135;0.004581;1;828
c2y.gra;436438;396240;0.006141;1;980
c3y.gra;785717;704989;0.00986;1;1327
c4y.gra;708071;608101;0.01036;1;1366
c5y.gra;611664;537553;0.006537;1;1202
gd95c.gra;1557;1390;0.0005;1;62
gd96a.gra;316937;287758;0.004557;1;1096
gd96b.gra;1422;1254;0.000597;1;111
gd96c.gra;1536;1312;0.00045;1;65
gd96d.gra;5861;5186;0.000742;1;180
hc10.gra;499324;498920;0.011223;1;1024
mesh33x33.gra;91065;89425;0.005081;1;1089
randomA1.gra;1333483;1203683;0.010886;1;1000
randomA2.gra;1700308;1597578;0.037005;1;1000
randomA3.gra;1773433;1694089;0.062048;1;1000
randomA4.gra;1541113;1420700;0.013799;1;1000
randomG4.gra;1218194;1122843;0.01377;1;1000
small.gra;14;13;0.000193;1;5
whitaker3.gra;12034314;11391618;0.065954;1;9800
3elt.gra;3453980;3221762;0.083477;10;47200
airfoil1.gra;2014451;1865448;0.077012;10;42530
basic.gra;6;6;0.000467;10;40
bintree10.gra;189047;184713;0.00707;10;10230
c1y.gra;328463;260284;0.013822;10;8280
c2y.gra;445665;381277;0.014986;10;9800
c3y.gra;765719;668899;0.01997;10;13270
c4y.gra;700932;604105;0.021893;10;13660
c5y.gra;629388;495142;0.018056;10;12020
gd95c.gra;1398;1053;0.00138;10;620
gd96a.gra;334987;274207;0.015602;10;10960
gd96b.gra;1057;1021;0.001671;10;1110
gd96c.gra;1159;1085;0.001311;10;650
gd96d.gra;6730;5344;0.002238;10;1800
hc10.gra;488288;471020;0.021419;10;10240
mesh33x33.gra;73906;58641;0.013208;10;10890
randomA1.gra;1274679;1113944;0.027616;10;10000
randomA2.gra;1674661;1491681;0.091399;10;10000
randomA3.gra;1710392;1599170;0.169551;10;10000
randomA4.gra;1541113;1317530;0.037766;10;10000
randomG4.gra;1218194;827447;0.037284;10;10000
small.gra;14;11;0.000484;10;50
whitaker3.gra;12034314;10601255;0.17166;10;98000
3elt.gra;3619947;2770458;0.600773;100;472000
airfoil1.gra;3730311;1783146;0.544258;100;425300
basic.gra;6;6;0.003517;100;400
bintree10.gra;196103;169081;0.052357;100;102300
c1y.gra;327931;272526;0.093263;100;82800
c2y.gra;457855;370510;0.110514;100;98000
c3y.gra;720663;639238;0.150408;100;132700
c4y.gra;748407;570268;0.156765;100;136600
c5y.gra;641084;485577;0.139248;100;120200
gd95c.gra;1862;960;0.010526;100;6200
gd96a.gra;333528;275896;0.106226;100;109600
gd96b.gra;2229;842;0.012377;100;11100
gd96c.gra;1625;1047;0.012051;100;6500
gd96d.gra;8860;4798;0.017385;100;18000
hc10.gra;502888;470260;0.141422;100;102400
mesh33x33.gra;76644;59228;0.093873;100;108900
randomA1.gra;1272969;1058776;0.186151;100;100000
randomA2.gra;1654538;1507255;0.649184;100;100000
randomA3.gra;1945147;1569558;1.21621;100;100000
randomA4.gra;1703833;1256549;0.264;100;100000
randomG4.gra;925584;816704;0.253751;100;100000
small.gra;14;11;0.003598;100;500
whitaker3.gra;11764080;8493728;1.23603;100;980000
3elt.gra;5402345;2752929;5.78429;1000;4720000
airfoil1.gra;2500672;1742204;5.19501;1000;4253000
basic.gra;6;6;0.033703;1000;4000
bintree10.gra;189615;169039;0.459219;1000;1023000
c1y.gra;329557;264070;0.907513;1000;828000
c2y.gra;450054;353494;1.06983;1000;980000
c3y.gra;780211;621309;1.44019;1000;1327000
c4y.gra;683068;571385;1.47346;1000;1366000
c5y.gra;601964;450346;1.30477;1000;1202000
gd95c.gra;1588;949;0.099044;1000;62000
gd96a.gra;326961;264520;1.03251;1000;1096000
gd96b.gra;1276;801;0.120763;1000;111000
gd96c.gra;1352;982;0.095755;1000;65000
gd96d.gra;6449;4658;0.174769;1000;180000
hc10.gra;502968;470184;1.33967;1000;1024000
mesh33x33.gra;76748;57515;0.897021;1000;1089000
randomA1.gra;1219042;1036492;1.79771;1000;1000000
randomA2.gra;1747199;1472788;7.47302;1000;1000000
randomA3.gra;1769057;1544905;11.7746;1000;1000000
randomA4.gra;1416143;1225046;2.52705;1000;1000000
randomG4.gra;1077848;802705;2.43222;1000;1000000
small.gra;14;11;0.034324;1000;5000
whitaker3.gra;11924369;8557622;11.8231;1000;9800000
3elt.gra;4586503;4254167;0.031664;1;4720
airfoil1.gra;2566903;2342753;0.028458;1;4253
basic.gra;6;6;0.000175;1;4
bintree10.gra;189039;189037;0.00297;1;1023
c1y.gra;322907;288723;0.004594;1;828
c2y.gra;448394;404019;0.006225;1;980
c3y.gra;777194;704853;0.006983;1;1327
c4y.gra;785748;705429;0.009413;1;1366
c5y.gra;607213;532916;0.007136;1;1202
gd95c.gra;1901;1771;0.000484;1;62
gd96a.gra;333106;288338;0.004551;1;1096
gd96b.gra;2168;1998;0.001136;1;111
gd96c.gra;1690;1393;0.000565;1;65
gd96d.gra;6706;5307;0.000902;1;180
hc10.gra;488572;488208;0.011305;1;1024
mesh33x33.gra;77552;76463;0.00508;1;1089
randomA1.gra;1283310;1171015;0.009501;1;1000
randomA2.gra;1588701;1491931;0.034748;1;1000
randomA3.gra;1760189;1670165;0.061854;1;1000
randomA4.gra;1632868;1483077;0.016398;1;1000
randomG4.gra;1189461;1086421;0.01473;1;1000
small.gra;13;11;0.00023;1;5
whitaker3.gra;12694210;12054932;0.066039;1;9800
3elt.gra;4041061;2965856;0.08345;10;47200
airfoil1.gra;2705331;1849400;0.076622;10;42530
basic.gra;6;6;0.000478;10;40
bintree10.gra;195723;180057;0.007137;10;10230
c1y.gra;323993;282611;0.015018;10;8280
c2y.gra;390029;353055;0.014779;10;9800
c3y.gra;755265;667454;0.020025;10;13270
c4y.gra;735746;637233;0.020554;10;13660
c5y.gra;614060;480683;0.018123;10;12020
gd95c.gra;1404;1050;0.001429;10;620
gd96a.gra;335624;280256;0.013882;10;10960
gd96b.gra;1513;935;0.001626;10;1110
gd96c.gra;1215;1045;0.001602;10;650
gd96d.gra;9040;4986;0.002729;10;1800
hc10.gra;499250;470704;0.022776;10;10240
mesh33x33.gra;58737;58669;0.014117;10;10890
randomA1.gra;1356550;1093422;0.025676;10;10000
randomA2.gra;1772658;1530720;0.089691;10;10000
randomA3.gra;1794629;1607744;0.167707;10;10000
randomA4.gra;1632868;1288292;0.036521;10;10000
randomG4.gra;1189461;813724;0.035604;10;10000
small.gra;13;11;0.000503;10;50
whitaker3.gra;12694210;9659000;0.173704;10;98000
3elt.gra;5717206;2947572;0.600863;100;472000
airfoil1.gra;2616888;1829966;0.541387;100;425300
basic.gra;6;6;0.003405;100;400
bintree10.gra;189323;169041;0.050977;100;102300
c1y.gra;314201;271921;0.093704;100;82800
c2y.gra;458295;363489;0.110628;100;98000
c3y.gra;780020;650472;0.150545;100;132700
c4y.gra;788052;595361;0.155429;100;136600
c5y.gra;634838;481013;0.13749;100;120200
gd95c.gra;1564;1001;0.010415;100;6200
gd96a.gra;324228;276660;0.106133;100;109600
gd96b.gra;2257;771;0.012582;100;11100
gd96c.gra;1336;1027;0.012273;100;6500
gd96d.gra;5717;4846;0.017836;100;18000
hc10.gra;503012;470352;0.141378;100;102400
mesh33x33.gra;95742;58083;0.096871;100;108900
randomA1.gra;1244970;1045058;0.186895;100;100000
randomA2.gra;1674167;1474990;0.647899;100;100000
randomA3.gra;1820228;1581177;1.2235;100;100000
randomA4.gra;1497574;1261821;0.262871;100;100000
randomG4.gra;1314223;821045;0.253712;100;100000
small.gra;12;11;0.00351;100;500
whitaker3.gra;9731524;9025744;1.22966;100;980000
3elt.gra;5361792;2650857;5.77961;1000;4720000
airfoil1.gra;2299997;1758866;5.19551;1000;4253000
basic.gra;6;6;0.03369;1000;4000
bintree10.gra;188189;169039;0.459055;1000;1023000
c1y.gra;309971;250495;0.905046;1000;828000
c2y.gra;419264;357093;1.0674;1000;980000
c3y.gra;759758;622401;1.43947;1000;1327000
c4y.gra;761127;573092;1.47574;1000;1366000
c5y.gra;630262;476832;1.31611;1000;1202000
gd95c.gra;1598;972;0.103599;1000;62000
gd96a.gra;327037;267420;1.02568;1000;1096000
gd96b.gra;1693;789;0.121054;1000;111000
gd96c.gra;1412;962;0.094919;1000;65000
gd96d.gra;5868;4610;0.167241;1000;180000
hc10.gra;499268;470050;1.33105;1000;1024000
mesh33x33.gra;92170;57222;0.903931;1000;1089000
randomA1.gra;1306857;1042602;1.79836;1000;1000000
randomA2.gra;1754087;1487466;6.20545;1000;1000000
randomA3.gra;1694179;1559155;11.7671;1000;1000000
randomA4.gra;1503535;1233197;2.52169;1000;1000000
randomG4.gra;1263449;803207;2.4371;1000;1000000
small.gra;12;11;0.035322;1000;5000
whitaker3.gra;10738438;8418169;11.8301;1000;9800000
3elt.gra;4746905;4426088;0.031621;1;4720
airfoil1.gra;2253851;2072116;0.028753;1;4253
basic.gra;6;6;0.000188;1;4
bintree10.gra;192569;192567;0.002973;1;1023
c1y.gra;325839;295623;0.004358;1;828
c2y.gra;432562;392532;0.00515;1;980
c3y.gra;779254;705155;0.007292;1;1327
c4y.gra;770751;682466;0.00719;1;1366
c5y.gra;631509;571174;0.006328;1;1202
gd95c.gra;1398;1223;0.000498;1;62
gd96a.gra;332313;289087;0.004608;1;1096
gd96b.gra;2253;2088;0.000588;1;111
gd96c.gra;1454;1338;0.000455;1;65
gd96d.gra;5871;5198;0.000903;1;180
hc10.gra;503004;502608;0.010827;1;1024
mesh33x33.gra;66393;64993;0.005065;1;1089
randomA1.gra;1243095;1114721;0.009664;1;1000
randomA2.gra;1787564;1687159;0.035249;1;1000
randomA3.gra;1825323;1733029;0.06172;1;1000
randomA4.gra;1572997;1443270;0.013778;1;1000
randomG4.gra;1077958;996290;0.015847;1;1000
small.gra;13;13;0.000186;1;5
whitaker3.gra;11261172;10743991;0.066011;1;9800
3elt.gra;4746905;3235378;0.083249;10;47200
airfoil1.gra;2253851;1978033;0.074593;10;42530
basic.gra;6;6;0.000482;10;40
bintree10.gra;193577;169081;0.007051;10;10230
c1y.gra;334384;288087;0.016444;10;8280
c2y.gra;430703;387832;0.014769;10;9800
c3y.gra;792792;668081;0.020001;10;13270
c4y.gra;762827;625320;0.020502;10;13660
c5y.gra;629725;490063;0.019481;10;12020
gd95c.gra;1647;1074;0.001397;10;620
gd96a.gra;329133;279448;0.013815;10;10960
gd96b.gra;1091;995;0.001635;10;1110
gd96c.gra;1137;1077;0.001307;10;650
gd96d.gra;6889;5107;0.002775;10;1800
hc10.gra;471216;470868;0.022302;10;10240
mesh33x33.gra;67667;58168;0.016569;10;10890
randomA1.gra;1275603;1093957;0.025617;10;10000
randomA2.gra;1743654;1508845;0.089334;10;10000
randomA3.gra;1702852;1604817;0.169286;10;10000
randomA4.gra;1597620;1361434;0.036398;10;10000
randomG4.gra;1081221;857268;0.036335;10;10000
small.gra;12;11;0.000516;10;50
whitaker3.gra;11687291;10382758;0.172251;10;98000
3elt.gra;3177455;2774584;0.601666;100;472000
airfoil1.gra;2870232;1788403;0.541564;100;425300
basic.gra;6;6;0.003553;100;400
bintree10.gra;193691;169041;0.048323;100;102300
c1y.gra;333821;276599;0.093531;100;82800
c2y.gra;446227;369512;0.11119;100;98000
c3y.gra;747136;623407;0.149403;100;132700
c4y.gra;721028;580999;0.152354;100;136600
c5y.gra;627906;482433;0.137308;100;120200
gd95c.gra;1452;1048;0.0117;100;6200
gd96a.gra;327531;269860;0.105923;100;109600
gd96b.gra;1169;825;0.014527;100;11100
gd96c.gra;1176;1055;0.009859;100;6500
gd96d.gra;9095;4885;0.018656;100;18000
hc10.gra;502810;470492;0.141186;100;102400
mesh33x33.gra;98559;57632;0.093765;100;108900
randomA1.gra;1275314;1083406;0.186107;100;100000
randomA2.gra;1677712;1502583;0.644957;100;100000
randomA3.gra;1704636;1554006;1.2227;100;100000
randomA4.gra;1454616;1262879;0.262669;100;100000
randomG4.gra;1151685;819283;0.255786;100;100000
small.gra;14;11;0.003769;100;500
whitaker3.gra;12255026;9186906;1.29253;100;980000
3elt.gra;4242322;2654071;5.77219;1000;4720000
airfoil1.gra;2723107;1755817;5.17992;1000;4253000
basic.gra;6;6;0.034448;1000;4000
bintree10.gra;195639;169043;0.457063;1000;1023000
c1y.gra;331902;249596;0.902597;1000;828000
c2y.gra;451860;361888;1.06899;1000;980000
c3y.gra;774599;634170;1.44209;1000;1327000
c4y.gra;778512;568329;1.47443;1000;1366000
c5y.gra;619486;473224;1.30743;1000;1202000
gd95c.gra;1309;951;0.099288;1000;62000
gd96a.gra;332604;268575;1.02659;1000;1096000
gd96b.gra;1089;772;0.119534;1000;111000
gd96c.gra;1551;985;0.095754;1000;65000
gd96d.gra;5760;4642;0.16762;1000;180000
hc10.gra;488362;470104;1.33898;1000;1024000
mesh33x33.gra;64300;57154;0.897516;1000;1089000
randomA1.gra;1376417;1054117;1.79016;1000;1000000
randomA2.gra;1690314;1491755;6.22784;1000;1000000
randomA3.gra;1727458;1525211;11.7735;1000;1000000
randomA4.gra;1777543;1221637;2.52318;1000;1000000
randomG4.gra;1189428;799129;2.42765;1000;1000000
small.gra;14;11;0.0372;1000;5000
whitaker3.gra;12116328;8379206;11.8464;1000;9800000
3elt.gra;4146462;3858901;0.031665;1;4720
airfoil1.gra;2246814;2076045;0.028347;1;4253
basic.gra;6;6;0.00018;1;4
bintree10.gra;193497;193495;0.002953;1;1023
c1y.gra;334369;301359;0.004342;1;828
c2y.gra;433707;392844;0.00584;1;980
c3y.gra;752238;678144;0.009297;1;1327
c4y.gra;733233;639331;0.007271;1;1366
c5y.gra;640436;553686;0.006347;1;1202
gd95c.gra;1694;1592;0.000479;1;62
gd96a.gra;323999;296773;0.005206;1;1096
gd96b.gra;2168;1998;0.000859;1;111
gd96c.gra;1467;1293;0.000691;1;65
gd96d.gra;8967;8771;0.000847;1;180
hc10.gra;502980;502576;0.009439;1;1024
mesh33x33.gra;71747;70300;0.005076;1;1089
randomA1.gra;1319046;1198241;0.009595;1;1000
randomA2.gra;1626188;1530622;0.033938;1;1000
randomA3.gra;1747908;1663302;0.063764;1;1000
randomA4.gra;1547167;1423506;0.013787;1;1000
randomG4.gra;1050144;958723;0.014794;1;1000
small.gra;12;12;0.000217;1;5
whitaker3.gra;9729001;9214899;0.066285;1;9800
3elt.gra;4146462;3620641;0.083437;10;47200
airfoil1.gra;2246814;1863769;0.07757;10;42530
basic.gra;6;6;0.000494;10;40
bintree10.gra;193497;190171;0.007041;10;10230
c1y.gra;334369;283374;0.014693;10;8280
c2y.gra;433707;390320;0.014801;10;9800
c3y.gra;752238;675588;0.02003;10;13270
c4y.gra;733233;636442;0.022602;10;13660
c5y.gra;640436;539835;0.018093;10;12020
gd95c.gra;1694;1121;0.001419;10;620
gd96a.gra;323999;274204;0.013818;10;10960
gd96b.gra;2168;853;0.001629;10;1110
gd96c.gra;1467;1078;0.001291;10;650
gd96d.gra;8967;5122;0.003402;10;1800
hc10.gra;502980;470864;0.022449;10;10240
mesh33x33.gra;71747;57868;0.013146;10;10890
randomA1.gra;1327877;1137778;0.025636;10;10000
randomA2.gra;1633452;1535658;0.089668;10;10000
randomA3.gra;1817813;1605286;0.16875;10;10000
randomA4.gra;1632069;1313318;0.039225;10;10000
randomG4.gra;974523;889587;0.03554;10;10000
small.gra;13;11;0.000515;10;50
whitaker3.gra;12392317;9807985;0.17249;10;98000
3elt.gra;3469457;2797347;0.601535;100;472000
airfoil1.gra;2533109;1844061;0.538829;100;425300
basic.gra;6;6;0.003689;100;400
bintree10.gra;193045;169169;0.050862;100;102300
c1y.gra;339543;271352;0.093683;100;82800
c2y.gra;432910;362939;0.110501;100;98000
c3y.gra;775443;622842;0.150133;100;132700
c4y.gra;774163;591334;0.152959;100;136600
c5y.gra;624309;483294;0.136598;100;120200
gd95c.gra;1533;1020;0.010372;100;6200
gd96a.gra;334226;271079;0.105952;100;109600
gd96b.gra;1280;768;0.012208;100;11100
gd96c.gra;1586;1015;0.010031;100;6500
gd96d.gra;5653;4774;0.017449;100;18000
hc10.gra;502794;470370;0.140436;100;102400
mesh33x33.gra;60072;58320;0.096512;100;108900
randomA1.gra;1280101;1048181;0.187807;100;100000
randomA2.gra;1810722;1503630;0.651139;100;100000
randomA3.gra;1774155;1570585;1.2211;100;100000
randomA4.gra;1487912;1269113;0.262772;100;100000
randomG4.gra;1255861;817171;0.253554;100;100000
small.gra;14;11;0.003587;100;500
whitaker3.gra;11227573;9285806;1.23278;100;980000
3elt.gra;3756803;2665723;5.76362;1000;4720000
airfoil1.gra;3840684;1726425;5.1798;1000;4253000
basic.gra;6;6;0.037121;1000;4000
bintree10.gra;180007;169039;0.459464;1000;1023000
c1y.gra;339362;246795;0.904609;1000;828000
c2y.gra;440821;357026;1.06605;1000;980000
c3y.gra;783969;613971;1.44213;1000;1327000
c4y.gra;760108;574542;1.47707;1000;1366000
c5y.gra;610585;468547;1.30548;1000;1202000
gd95c.gra;1254;986;0.1036;1000;62000
gd96a.gra;335665;265059;1.02661;1000;1096000
gd96b.gra;2218;763;0.117693;1000;111000
gd96c.gra;1666;978;0.098009;1000;65000
gd96d.gra;5833;4787;0.169347;1000;180000
hc10.gra;488482;470084;1.33741;1000;1024000
mesh33x33.gra;84417;57309;0.902733;1000;1089000
randomA1.gra;1261351;1050213;1.79953;1000;1000000
randomA2.gra;1670491;1490330;6.23167;1000;1000000
randomA3.gra;1734818;1535947;11.7156;1000;1000000
randomA4.gra;1570058;1222589;2.52713;1000;1000000
randomG4.gra;1207156;808051;2.43713;1000;1000000
small.gra;12;11;0.038275;1000;5000
whitaker3.gra;11730847;8519770;11.9144;1000;9800000
3elt.gra;4391474;4082424;0.0318;1;4720
airfoil1.gra;2682789;2451531;0.028631;1;4253
basic.gra;6;6;0.000183;1;4
bintree10.gra;196203;196201;0.002964;1;1023
c1y.gra;330490;299181;0.004351;1;828
c2y.gra;458681;409119;0.005144;1;980
c3y.gra;762109;690575;0.007085;1;1327
c4y.gra;754693;651437;0.00726;1;1366
c5y.gra;638080;575881;0.006453;1;1202
gd95c.gra;1924;1631;0.000485;1;62
gd96a.gra;330190;295072;0.004621;1;1096
gd96b.gra;2253;2088;0.000564;1;111
gd96c.gra;1636;1456;0.000488;1;65
gd96d.gra;6387;5434;0.000753;1;180
hc10.gra;485006;484626;0.010643;1;1024
mesh33x33.gra;87485;85437;0.005081;1;1089
randomA1.gra;1230992;1111228;0.009565;1;1000
randomA2.gra;1690829;1591756;0.033761;1;1000
randomA3.gra;1703664;1618456;0.063033;1;1000
randomA4.gra;1470104;1342023;0.01423;1;1000
randomG4.gra;1022726;937658;0.013655;1;1000
small.gra;13;11;0.000192;1;5
whitaker3.gra;11108162;10553186;0.066756;1;9800
3elt.gra;6015302;3003271;0.084074;10;47200
airfoil1.gra;2678016;1883680;0.075143;10;42530
basic.gra;6;6;0.000489;10;40
bintree10.gra;196203;182367;0.007816;10;10230
c1y.gra;330490;294627;0.012734;10;8280
c2y.gra;458681;383861;0.014862;10;9800
c3y.gra;762109;665213;0.019979;10;13270
c4y.gra;754693;626993;0.021212;10;13660
c5y.gra;638080;488208;0.018108;10;12020
gd95c.gra;1924;1088;0.00138;10;620
gd96a.gra;330190;284141;0.013864;10;10960
gd96b.gra;2253;909;0.001649;10;1110
gd96c.gra;1636;1119;0.001343;10;650
gd96d.gra;6387;4984;0.002243;10;1800
hc10.gra;485006;470206;0.021507;10;10240
mesh33x33.gra;87485;57619;0.013161;10;10890
randomA1.gra;1230992;1062769;0.025711;10;10000
randomA2.gra;1690829;1501737;0.088952;10;10000
randomA3.gra;1703664;1599569;0.17814;10;10000
randomA4.gra;1509493;1369942;0.039507;10;10000
randomG4.gra;1031500;902356;0.036513;10;10000
small.gra;13;11;0.000502;10;50
whitaker3.gra;11414722;10260914;0.176378;10;98000
3elt.gra;4451592;2983883;0.601366;100;472000
airfoil1.gra;2094525;1763622;0.539973;100;425300
basic.gra;6;6;0.003599;100;400
bintree10.gra;187909;169041;0.048255;100;102300
c1y.gra;308498;274974;0.093704;100;82800
c2y.gra;458594;370344;0.11069;100;98000
c3y.gra;770084;615251;0.149098;100;132700
c4y.gra;778529;580891;0.15311;100;136600
c5y.gra;609247;494636;0.135431;100;120200
gd95c.gra;1481;1036;0.010401;100;6200
gd96a.gra;323382;276037;0.10613;100;109600
gd96b.gra;928;806;0.012235;100;11100
gd96c.gra;1387;1002;0.009916;100;6500
gd96d.gra;6334;4892;0.017146;100;18000
hc10.gra;488564;470094;0.141475;100;102400
mesh33x33.gra;64475;59331;0.093731;100;108900
randomA1.gra;1320561;1068886;0.186255;100;100000
randomA2.gra;1753201;1518361;0.647585;100;100000
randomA3.gra;1714014;1564206;1.22264;100;100000
randomA4.gra;1483664;1238332;0.261776;100;100000
randomG4.gra;1138347;840530;0.25418;100;100000
small.gra;13;11;0.003752;100;500
whitaker3.gra;11538034;8639451;1.2326;100;980000
3elt.gra;4338078;2715772;5.78669;1000;4720000
airfoil1.gra;2448856;1750959;5.17518;1000;4253000
basic.gra;6;6;0.035335;1000;4000
bintree10.gra;180039;169039;0.460373;1000;1023000
c1y.gra;329665;258691;0.902724;1000;828000
c2y.gra;445246;359240;1.0662;1000;980000
c3y.gra;768846;620217;1.4434;1000;1327000
c4y.gra;754439;569682;1.47437;1000;1366000
c5y.gra;632572;467505;1.30446;1000;1202000
gd95c.gra;1240;967;0.099354;1000;62000
gd96a.gra;323345;272245;1.02874;1000;1096000
gd96b.gra;1567;795;0.118134;1000;111000
gd96c.gra;1137;964;0.095826;1000;65000
gd96d.gra;6498;4664;0.168385;1000;180000
hc10.gra;484888;470182;1.34168;1000;1024000
mesh33x33.gra;86632;57377;0.901885;1000;1089000
randomA1.gra;1283255;1041779;1.79815;1000;1000000
randomA2.gra;1873321;1470231;6.2342;1000;1000000
randomA3.gra;1638856;1555097;11.7166;1000;1000000
randomA4.gra;1506280;1235834;2.51694;1000;1000000
randomG4.gra;1175516;805189;2.43856;1000;1000000
small.gra;13;11;0.036852;1000;5000
whitaker3.gra;11104274;8421226;11.8382;1000;9800000
3elt.gra;4596563;4266081;0.031947;1;4720
airfoil1.gra;3431045;3173420;0.028598;1;4253
basic.gra;6;6;0.000179;1;4
bintree10.gra;188753;188751;0.002978;1;1023
c1y.gra;334665;301450;0.004356;1;828
c2y.gra;430509;389852;0.006059;1;980
c3y.gra;760668;697423;0.008765;1;1327
c4y.gra;776727;692241;0.007181;1;1366
c5y.gra;621925;521257;0.006292;1;1202
gd95c.gra;1215;1103;0.00048;1;62
gd96a.gra;331734;290070;0.004591;1;1096
gd96b.gra;2227;2056;0.000566;1;111
gd96c.gra;1542;1365;0.000458;1;65
gd96d.gra;6259;5599;0.000768;1;180
hc10.gra;471296;470948;0.011174;1;1024
mesh33x33.gra;70610;68772;0.005345;1;1089
randomA1.gra;1278757;1152144;0.009543;1;1000
randomA2.gra;1761619;1659917;0.037242;1;1000
randomA3.gra;1794119;1701176;0.063615;1;1000
randomA4.gra;1527516;1391712;0.01392;1;1000
randomG4.gra;1211625;1123458;0.015486;1;1000
small.gra;13;13;0.000185;1;5
whitaker3.gra;9677375;9169825;0.066463;1;9800
3elt.gra;5068575;3016529;0.083685;10;47200
airfoil1.gra;2052475;1810364;0.074904;10;42530
basic.gra;6;6;0.000483;10;40
bintree10.gra;193775;184661;0.007061;10;10230
c1y.gra;319158;284488;0.014442;10;8280
c2y.gra;443499;380514;0.014725;10;9800
c3y.gra;741537;653303;0.022628;10;13270
c4y.gra;763894;654429;0.020459;10;13660
c5y.gra;620447;521648;0.01805;10;12020
gd95c.gra;1493;1075;0.001378;10;620
gd96a.gra;331136;284220;0.015674;10;10960
gd96b.gra;1125;977;0.001703;10;1110
gd96c.gra;1535;1065;0.00132;10;650
gd96d.gra;5916;4958;0.002264;10;1800
hc10.gra;502998;470740;0.025334;10;10240
mesh33x33.gra;73566;59918;0.013205;10;10890
randomA1.gra;1229678;1113347;0.025718;10;10000
randomA2.gra;1601990;1516964;0.089665;10;10000
randomA3.gra;1846878;1607149;0.166633;10;10000
randomA4.gra;1527516;1316186;0.036452;10;10000
randomG4.gra;1211625;834183;0.035597;10;10000
small.gra;13;11;0.000513;10;50
whitaker3.gra;9677375;9169825;0.172419;10;98000
3elt.gra;4169949;2851521;0.601627;100;472000
airfoil1.gra;2406373;1811751;0.542925;100;425300
basic.gra;6;6;0.003579;100;400
bintree10.gra;192995;169061;0.052317;100;102300
c1y.gra;326226;275421;0.093449;100;82800
c2y.gra;432079;370392;0.110389;100;98000
c3y.gra;750701;641290;0.14928;100;132700
c4y.gra;740561;596169;0.152833;100;136600
c5y.gra;613599;485954;0.134954;100;120200
gd95c.gra;1528;1009;0.010295;100;6200
gd96a.gra;332907;272216;0.106206;100;109600
gd96b.gra;2168;833;0.012212;100;11100
gd96c.gra;1405;1026;0.013376;100;6500
gd96d.gra;9095;4787;0.017215;100;18000
hc10.gra;503024;470572;0.147368;100;102400
mesh33x33.gra;64927;57345;0.0935;100;108900
randomA1.gra;1241655;1078289;0.186318;100;100000
randomA2.gra;1722918;1512931;0.648182;100;100000
randomA3.gra;1693008;1585955;1.2247;100;100000
randomA4.gra;1587573;1280942;0.262831;100;100000
randomG4.gra;927086;804021;0.253763;100;100000
small.gra;12;11;0.003477;100;500
whitaker3.gra;11780551;8659057;1.23482;100;980000
3elt.gra;3142130;2753370;5.77913;1000;4720000
airfoil1.gra;2253427;1740550;5.1926;1000;4253000
basic.gra;6;6;0.035444;1000;4000
bintree10.gra;192935;169039;0.465399;1000;1023000
c1y.gra;307174;256328;0.905559;1000;828000
c2y.gra;441343;361029;1.06636;1000;980000
c3y.gra;709744;613710;1.4406;1000;1327000
c4y.gra;751106;588764;1.47777;1000;1366000
c5y.gra;627012;463741;1.30686;1000;1202000
gd95c.gra;2037;952;0.099201;1000;62000
gd96a.gra;332531;269196;1.0302;1000;1096000
gd96b.gra;1177;773;0.116992;1000;111000
gd96c.gra;1402;973;0.097088;1000;65000
gd96d.gra;8967;4609;0.166416;1000;180000
hc10.gra;484834;470090;1.34048;1000;1024000
mesh33x33.gra;95389;57096;0.898299;1000;1089000
randomA1.gra;1246202;1047887;1.79614;1000;1000000
randomA2.gra;1762003;1474089;6.20231;1000;1000000
randomA3.gra;1785434;1553805;11.7688;1000;1000000
randomA4.gra;1592625;1253924;2.52483;1000;1000000
randomG4.gra;1114565;802338;2.43838;1000;1000000
small.gra;13;11;0.035794;1000;5000
whitaker3.gra;11198012;8382791;11.8674;1000;9800000
3elt.gra;3714944;3436781;0.031807;1;4720
airfoil1.gra;3452846;3176352;0.028402;1;4253
basic.gra;6;6;0.000184;1;4
bintree10.gra;191033;191031;0.002959;1;1023
c1y.gra;331758;297350;0.004426;1;828
c2y.gra;435710;396036;0.005105;1;980
c3y.gra;765076;690280;0.009376;1;1327
c4y.gra;723354;635787;0.007419;1;1366
c5y.gra;647196;573364;0.006702;1;1202
gd95c.gra;1257;1146;0.000488;1;62
gd96a.gra;336686;294085;0.004604;1;1096
gd96b.gra;1437;1298;0.000583;1;111
gd96c.gra;1236;1132;0.000543;1;65
gd96d.gra;5846;5026;0.000906;1;180
hc10.gra;488148;487744;0.011222;1;1024
mesh33x33.gra;101394;99548;0.006109;1;1089
randomA1.gra;1195838;1088443;0.010763;1;1000
randomA2.gra;1724061;1622023;0.037564;1;1000
randomA3.gra;1746494;1664646;0.062126;1;1000
randomA4.gra;1401514;1290952;0.01504;1;1000
randomG4.gra;954932;883776;0.017311;1;1000
small.gra;13;13;0.000183;1;5
whitaker3.gra;11296778;10699974;0.066649;1;9800
3elt.gra;3714944;3272455;0.083322;10;47200
airfoil1.gra;3452846;1891006;0.075001;10;42530
basic.gra;6;6;0.000477;10;40
bintree10.gra;195903;169101;0.007064;10;10230
c1y.gra;335001;280207;0.013421;10;8280
c2y.gra;453645;396924;0.014718;10;9800
c3y.gra;777862;656117;0.019969;10;13270
c4y.gra;688711;602326;0.020625;10;13660
c5y.gra;627990;531137;0.018077;10;12020
gd95c.gra;1181;1077;0.001403;10;620
gd96a.gra;323559;269108;0.013907;10;10960
gd96b.gra;1273;895;0.001683;10;1110
gd96c.gra;1573;1002;0.001325;10;650
gd96d.gra;8747;5192;0.002657;10;1800
hc10.gra;471338;470934;0.022332;10;10240
mesh33x33.gra;84616;60576;0.017022;10;10890
randomA1.gra;1295211;1119377;0.025543;10;10000
randomA2.gra;1686033;1501291;0.088836;10;10000
randomA3.gra;1750255;1591470;0.172803;10;10000
randomA4.gra;1565053;1283389;0.036246;10;10000
randomG4.gra;1205165;904994;0.035563;10;10000
small.gra;12;11;0.000504;10;50
whitaker3.gra;11329075;8852849;0.171778;10;98000
3elt.gra;3650717;2856670;0.601483;100;472000
airfoil1.gra;2160641;1841983;0.540073;100;425300
basic.gra;6;6;0.003359;100;400
bintree10.gra;193131;169041;0.050156;100;102300
c1y.gra;329479;272070;0.093494;100;82800
c2y.gra;421442;365197;0.111987;100;98000
c3y.gra;768513;637779;0.148416;100;132700
c4y.gra;755984;588186;0.153022;100;136600
c5y.gra;634445;479203;0.136238;100;120200
gd95c.gra;1411;1024;0.012533;100;6200
gd96a.gra;334413;270698;0.110293;100;109600
gd96b.gra;1118;874;0.012069;100;11100
gd96c.gra;1170;975;0.010115;100;6500
gd96d.gra;6282;4847;0.017368;100;18000
hc10.gra;488202;470276;0.141402;100;102400
mesh33x33.gra;66405;57493;0.096694;100;108900
randomA1.gra;1291758;1040410;0.186834;100;100000
randomA2.gra;1729189;1515972;0.648722;100;100000
randomA3.gra;1712261;1583382;1.22228;100;100000
randomA4.gra;1548352;1282687;0.262566;100;100000
randomG4.gra;1210992;843991;0.25318;100;100000
small.gra;13;11;0.003482;100;500
whitaker3.gra;11870961;9443333;1.23634;100;980000
3elt.gra;3418737;2719489;5.79182;1000;4720000
airfoil1.gra;3219412;1737720;5.19963;1000;4253000
basic.gra;6;6;0.032869;1000;4000
bintree10.gra;192851;169039;0.459539;1000;1023000
c1y.gra;329408;248308;0.902489;1000;828000
c2y.gra;436909;355984;1.07142;1000;980000
c3y.gra;767626;618284;1.44643;1000;1327000
c4y.gra;779250;574344;1.47548;1000;1366000
c5y.gra;644383;473861;1.30663;1000;1202000
gd95c.gra;1338;971;0.102683;1000;62000
gd96a.gra;325217;269953;1.02724;1000;1096000
gd96b.gra;2247;797;0.120742;1000;111000
gd96c.gra;1354;982;0.096154;1000;65000
gd96d.gra;6483;4562;0.165834;1000;180000
hc10.gra;471524;470146;1.33137;1000;1024000
mesh33x33.gra;73942;57139;0.901635;1000;1089000
randomA1.gra;1290951;1054880;1.79142;1000;1000000
randomA2.gra;1698520;1484820;6.23925;1000;1000000
randomA3.gra;1781894;1563587;11.7752;1000;1000000
randomA4.gra;1544564;1236640;2.52354;1000;1000000
randomG4.gra;1162672;803855;2.44249;1000;1000000
small.gra;14;11;0.034927;1000;5000
whitaker3.gra;12857186;8489027;11.9565;1000;9800000
3elt.gra;3959212;3654469;0.032165;1;4720
airfoil1.gra;2532623;2332812;0.028165;1;4253
basic.gra;6;6;0.000194;1;4
bintree10.gra;193325;193323;0.002992;1;1023
c1y.gra;317171;287168;0.00431;1;828
c2y.gra;439041;398124;0.005188;1;980
c3y.gra;749270;677229;0.009373;1;1327
c4y.gra;740299;663875;0.007253;1;1366
c5y.gra;630603;569504;0.006305;1;1202
gd95c.gra;1360;1233;0.000482;1;62
gd96a.gra;332266;292804;0.004719;1;1096
gd96b.gra;2229;2058;0.000553;1;111
gd96c.gra;1213;1165;0.000552;1;65
gd96d.gra;6306;5432;0.000899;1;180
hc10.gra;502810;502482;0.011273;1;1024
mesh33x33.gra;66431;65196;0.005328;1;1089
randomA1.gra;1253972;1121173;0.009515;1;1000
randomA2.gra;1688960;1594808;0.035082;1;1000
randomA3.gra;1834843;1739951;0.065319;1;1000
randomA4.gra;1495895;1367047;0.013786;1;1000
randomG4.gra;1280599;1168690;0.017637;1;1000
small.gra;13;13;0.000195;1;5
whitaker3.gra;13193441;12464975;0.066182;1;9800
3elt.gra;3959212;2956828;0.086224;10;47200
airfoil1.gra;2532623;1898830;0.077628;10;42530
basic.gra;6;6;0.000467;10;40
bintree10.gra;193325;169229;0.007543;10;10230
c1y.gra;317171;287168;0.013565;10;8280
c2y.gra;439041;362356;0.014701;10;9800
c3y.gra;744298;649530;0.022647;10;13270
c4y.gra;766986;616105;0.020493;10;13660
c5y.gra;611627;491933;0.018053;10;12020
gd95c.gra;1508;1094;0.001404;10;620
gd96a.gra;335950;286218;0.015378;10;10960
gd96b.gra;1256;981;0.001619;10;1110
gd96c.gra;1288;1172;0.001308;10;650
gd96d.gra;6027;5144;0.002769;10;1800
hc10.gra;488186;470494;0.022069;10;10240
mesh33x33.gra;93210;59933;0.017174;10;10890
randomA1.gra;1274525;1094343;0.027503;10;10000
randomA2.gra;1688032;1540429;0.08906;10;10000
randomA3.gra;1759162;1614295;0.166248;10;10000
randomA4.gra;1537684;1336879;0.036343;10;10000
randomG4.gra;1237615;879137;0.035745;10;10000
small.gra;14;12;0.000514;10;50
whitaker3.gra;11790149;9752976;0.173665;10;98000
3elt.gra;3969221;2907091;0.601382;100;472000
airfoil1.gra;2210346;1834284;0.541847;100;425300
basic.gra;6;6;0.003748;100;400
bintree10.gra;195771;169039;0.051302;100;102300
c1y.gra;337363;277645;0.105189;100;82800
c2y.gra;451104;375488;0.110603;100;98000
c3y.gra;768757;640897;0.15094;100;132700
c4y.gra;711318;592482;0.152812;100;136600
c5y.gra;632552;493970;0.134966;100;120200
gd95c.gra;1578;1052;0.012263;100;6200
gd96a.gra;334125;273239;0.107054;100;109600
gd96b.gra;1185;836;0.012608;100;11100
gd96c.gra;1652;1030;0.009823;100;6500
gd96d.gra;6292;4836;0.017487;100;18000
hc10.gra;499264;470468;0.141758;100;102400
mesh33x33.gra;106179;58091;0.09393;100;108900
randomA1.gra;1198404;1064519;0.18749;100;100000
randomA2.gra;1691331;1488558;0.651727;100;100000
randomA3.gra;1700691;1581133;1.23649;100;100000
randomA4.gra;1531253;1273969;0.262963;100;100000
randomG4.gra;1036033;823918;0.25437;100;100000
small.gra;13;11;0.003518;100;500
whitaker3.gra;10801751;8832718;1.2377;100;980000
3elt.gra;3443076;2703438;5.79831;1000;4720000
airfoil1.gra;2385241;1728020;5.18882;1000;4253000
basic.gra;6;6;0.034245;1000;4000
bintree10.gra;182343;169039;0.46193;1000;1023000
c1y.gra;329817;253156;0.906613;1000;828000
c2y.gra;441908;363045;1.07006;1000;980000
c3y.gra;759127;625152;1.44691;1000;1327000
c4y.gra;776571;574800;1.47976;1000;1366000
c5y.gra;631697;455868;1.3072;1000;1202000
gd95c.gra;1295;950;0.099907;1000;62000
gd96a.gra;344236;270028;1.03138;1000;1096000
gd96b.gra;1251;774;0.119018;1000;111000
gd96c.gra;1211;969;0.09695;1000;65000
gd96d.gra;5852;4741;0.167807;1000;180000
hc10.gra;488440;470072;1.34348;1000;1024000
mesh33x33.gra;58859;57264;0.899465;1000;1089000
randomA1.gra;1363889;1049142;1.79671;1000;1000000
randomA2.gra;1823013;1483756;6.22576;1000;1000000
randomA3.gra;1650599;1558018;11.7567;1000;1000000
randomA4.gra;1480600;1248788;2.52261;1000;1000000
randomG4.gra;1069168;798186;2.44727;1000;1000000
small.gra;12;11;0.036336;1000;5000
whitaker3.gra;11892200;8433746;11.9055;1000;9800000
3elt.gra;3376783;3173654;0.031746;1;4720
airfoil1.gra;3308407;3060348;0.02846;1;4253
basic.gra;6;6;0.00018;1;4
bintree10.gra;196267;196265;0.002977;1;1023
c1y.gra;326870;295028;0.004304;1;828
c2y.gra;443374;400359;0.005109;1;980
c3y.gra;772291;699187;0.008332;1;1327
c4y.gra;752379;661948;0.007628;1;1366
c5y.gra;619036;541174;0.006656;1;1202
gd95c.gra;1273;1182;0.000484;1;62
gd96a.gra;329909;293098;0.004822;1;1096
gd96b.gra;1120;1053;0.000691;1;111
gd96c.gra;1503;1361;0.000553;1;65
gd96d.gra;6555;5454;0.000905;1;180
hc10.gra;488244;487932;0.013416;1;1024
mesh33x33.gra;74709;73612;0.005136;1;1089
randomA1.gra;1297216;1169886;0.009528;1;1000
randomA2.gra;1625207;1535358;0.03457;1;1000
randomA3.gra;1798709;1707373;0.064882;1;1000
randomA4.gra;1451344;1331551;0.013799;1;1000
randomG4.gra;1180998;1073289;0.016238;1;1000
small.gra;12;12;0.000185;1;5
whitaker3.gra;11562809;10992564;0.066732;1;9800
3elt.gra;3376783;2919972;0.084184;10;47200
airfoil1.gra;3308407;2034333;0.075326;10;42530
basic.gra;6;6;0.000479;10;40
bintree10.gra;195903;182371;0.007089;10;10230
c1y.gra;325442;280188;0.013598;10;8280
c2y.gra;438840;384030;0.015228;10;9800
c3y.gra;764427;671507;0.019991;10;13270
c4y.gra;767743;619115;0.020546;10;13660
c5y.gra;631412;530296;0.018026;10;12020
gd95c.gra;1191;1093;0.001381;10;620
gd96a.gra;326278;283510;0.014939;10;10960
gd96b.gra;2168;1076;0.001968;10;1110
gd96c.gra;1555;1098;0.001587;10;650
gd96d.gra;5979;5231;0.00268;10;1800
hc10.gra;470758;470354;0.022857;10;10240
mesh33x33.gra;62859;58709;0.013264;10;10890
randomA1.gra;1297661;1098310;0.026942;10;10000
randomA2.gra;1790000;1525250;0.089315;10;10000
randomA3.gra;1701877;1621374;0.167814;10;10000
randomA4.gra;1573209;1235134;0.036511;10;10000
randomG4.gra;1127497;901150;0.035452;10;10000
small.gra;12;11;0.000494;10;50
whitaker3.gra;12421017;10088780;0.172422;10;98000
3elt.gra;3250220;2885655;0.600878;100;472000
airfoil1.gra;2051573;1822144;0.542685;100;425300
basic.gra;6;6;0.003552;100;400
bintree10.gra;196279;169181;0.048354;100;102300
c1y.gra;331703;267008;0.093581;100;82800
c2y.gra;438939;365780;0.110576;100;98000
c3y.gra;742252;645683;0.148996;100;132700
c4y.gra;786863;574922;0.1548;100;136600
c5y.gra;643066;487917;0.13775;100;120200
gd95c.gra;1921;1013;0.012385;100;6200
gd96a.gra;354770;272853;0.111208;100;109600
gd96b.gra;1116;796;0.012507;100;11100
gd96c.gra;1296;987;0.013133;100;6500
gd96d.gra;6053;4813;0.017238;100;18000
hc10.gra;503016;470448;0.141698;100;102400
mesh33x33.gra;93649;57144;0.095477;100;108900
randomA1.gra;1304047;1070762;0.186943;100;100000
randomA2.gra;1701613;1507899;0.645521;100;100000
randomA3.gra;1758541;1577751;1.21746;100;100000
randomA4.gra;1397497;1263234;0.263226;100;100000
randomG4.gra;1316140;854560;0.25446;100;100000
small.gra;12;11;0.003489;100;500
whitaker3.gra;12644372;8865746;1.24492;100;980000
3elt.gra;4257927;2661161;5.79717;1000;4720000
airfoil1.gra;2965837;1760456;5.20333;1000;4253000
basic.gra;6;6;0.034772;1000;4000
bintree10.gra;192935;169039;0.459749;1000;1023000
c1y.gra;318925;256559;0.9054;1000;828000
c2y.gra;415001;359777;1.0703;1000;980000
c3y.gra;777628;624141;1.44182;1000;1327000
c4y.gra;747472;567103;1.47496;1000;1366000
c5y.gra;635105;466663;1.30728;1000;1202000
gd95c.gra;1316;955;0.102314;1000;62000
gd96a.gra;339098;269742;1.0279;1000;1096000
gd96b.gra;1228;756;0.119014;1000;111000
gd96c.gra;1340;972;0.095001;1000;65000
gd96d.gra;5671;4696;0.16736;1000;180000
hc10.gra;488616;470178;1.34182;1000;1024000
mesh33x33.gra;89939;57221;0.90156;1000;1089000
randomA1.gra;1412400;1047798;1.79989;1000;1000000
randomA2.gra;1681137;1484225;6.25064;1000;1000000
randomA3.gra;1689183;1559934;11.8209;1000;1000000
randomA4.gra;1891343;1258359;2.53463;1000;1000000
randomG4.gra;1056905;814121;2.44419;1000;1000000
small.gra;12;11;0.034202;1000;5000
whitaker3.gra;12291247;8472940;11.8467;1000;9800000
3elt.gra;3558103;3305503;0.031629;1;4720
airfoil1.gra;2299764;2128152;0.028606;1;4253
basic.gra;6;6;0.000195;1;4
bintree10.gra;190771;190769;0.00305;1;1023
c1y.gra;327226;293605;0.004362;1;828
c2y.gra;454960;408687;0.005141;1;980
c3y.gra;718567;650735;0.007161;1;1327
c4y.gra;781389;691744;0.007377;1;1366
c5y.gra;637123;558403;0.006421;1;1202
gd95c.gra;1421;1321;0.000478;1;62
gd96a.gra;333928;294011;0.004566;1;1096
gd96b.gra;1411;1292;0.000582;1;111
gd96c.gra;1113;1037;0.000476;1;65
gd96d.gra;6493;5639;0.000796;1;180
hc10.gra;488438;488074;0.009633;1;1024
mesh33x33.gra;78505;77500;0.00512;1;1089
randomA1.gra;1353059;1220515;0.009543;1;1000
randomA2.gra;1693132;1600510;0.034581;1;1000
randomA3.gra;1718595;1628347;0.063;1;1000
randomA4.gra;1456155;1332147;0.017714;1;1000
randomG4.gra;1185067;1071881;0.014242;1;1000
small.gra;13;11;0.000241;1;5
whitaker3.gra;9407175;8961620;0.06688;1;9800
3elt.gra;3558103;2909181;0.08343;10;47200
airfoil1.gra;2299764;1823007;0.082101;10;42530
basic.gra;6;6;0.000475;10;40
bintree10.gra;192967;169047;0.007072;10;10230
c1y.gra;328972;280870;0.015138;10;8280
c2y.gra;425358;375546;0.014697;10;9800
c3y.gra;767823;676025;0.022812;10;13270
c4y.gra;744059;622107;0.020477;10;13660
c5y.gra;609762;494470;0.018019;10;12020
gd95c.gra;1404;1152;0.001407;10;620
gd96a.gra;332299;277157;0.015811;10;10960
gd96b.gra;1057;827;0.001658;10;1110
gd96c.gra;1333;1026;0.001307;10;650
gd96d.gra;7101;5378;0.002252;10;1800
hc10.gra;488242;470768;0.024914;10;10240
mesh33x33.gra;60897;59461;0.013318;10;10890
randomA1.gra;1271141;1095034;0.026405;10;10000
randomA2.gra;1692104;1528596;0.089127;10;10000
randomA3.gra;1843470;1602694;0.167244;10;10000
randomA4.gra;1752672;1311256;0.036969;10;10000
randomG4.gra;1244941;905043;0.038317;10;10000
small.gra;13;11;0.000507;10;50
whitaker3.gra;11698739;10535311;0.173609;10;98000
3elt.gra;4001211;2736247;0.604695;100;472000
airfoil1.gra;3449896;1807682;0.541407;100;425300
basic.gra;6;6;0.003384;100;400
bintree10.gra;196151;169041;0.048429;100;102300
c1y.gra;333031;266553;0.093087;100;82800
c2y.gra;438361;364625;0.110673;100;98000
c3y.gra;720796;637766;0.149073;100;132700
c4y.gra;730848;596301;0.152235;100;136600
c5y.gra;634048;494511;0.135234;100;120200
gd95c.gra;1462;1062;0.010418;100;6200
gd96a.gra;334348;273101;0.106012;100;109600
gd96b.gra;1496;814;0.012384;100;11100
gd96c.gra;1676;1027;0.011226;100;6500
gd96d.gra;8834;4924;0.01838;100;18000
hc10.gra;471074;470096;0.141221;100;102400
mesh33x33.gra;88471;57696;0.093698;100;108900
randomA1.gra;1284266;1071509;0.187067;100;100000
randomA2.gra;1655916;1505762;0.651818;100;100000
randomA3.gra;1791972;1584616;1.2311;100;100000
randomA4.gra;1579493;1301031;0.262973;100;100000
randomG4.gra;1207052;834710;0.258158;100;100000
small.gra;12;11;0.003599;100;500
whitaker3.gra;11642759;8954160;1.30792;100;980000
3elt.gra;4383345;2642978;5.79945;1000;4720000
airfoil1.gra;2207243;1756743;5.2063;1000;4253000
basic.gra;6;6;0.034392;1000;4000
bintree10.gra;195595;169039;0.457157;1000;1023000
c1y.gra;318541;259458;0.903382;1000;828000
c2y.gra;401413;362672;1.06842;1000;980000
c3y.gra;776452;624599;1.44281;1000;1327000
c4y.gra;764769;572262;1.47428;1000;1366000
c5y.gra;607950;465556;1.30897;1000;1202000
gd95c.gra;1334;977;0.100036;1000;62000
gd96a.gra;339198;265797;1.02595;1000;1096000
gd96b.gra;1222;801;0.117674;1000;111000
gd96c.gra;1223;982;0.097083;1000;65000
gd96d.gra;6808;4693;0.166235;1000;180000
hc10.gra;484886;470192;1.34357;1000;1024000
mesh33x33.gra;64086;57275;0.901905;1000;1089000
randomA1.gra;1265538;1026381;1.79116;1000;1000000
randomA2.gra;1736836;1471606;6.23901;1000;1000000
randomA3.gra;1743562;1555613;11.8123;1000;1000000
randomA4.gra;1479469;1235760;2.53017;1000;1000000
randomG4.gra;1308355;803842;2.43002;1000;1000000
small.gra;13;11;0.035944;1000;5000
whitaker3.gra;10844001;8472826;11.8799;1000;9800000
