3elt.gra;4030452;4030452;0.031315;1;4720
3elt.gra;4030452;4030452;0.031227;1;4720
3elt.gra;4030452;4030452;0.031281;1;4720
3elt.gra;4910410;4910410;0.031511;1;4720
3elt.gra;4910410;4910410;0.031533;1;4720
3elt.gra;4910410;4910410;0.035259;1;4720
3elt.gra;4910410;4910410;0.031572;1;4720
3elt.gra;4910410;4910410;0.035344;1;4720
3elt.gra;4910410;4910410;0.031427;1;4720
3elt.gra;4910410;4910410;0.031469;1;4720
3elt.gra;4910410;3140470;0.081348;10;47200
3elt.gra;4910410;3140470;0.081809;10;47200
3elt.gra;4910410;3140470;0.081331;10;47200
3elt.gra;4910410;3140470;0.081081;10;47200
3elt.gra;4910410;3140470;0.081189;10;47200
3elt.gra;4910410;3140470;0.081773;10;47200
3elt.gra;4910410;3140470;0.081533;10;47200
3elt.gra;4910410;3140470;0.081466;10;47200
3elt.gra;4910410;3140470;0.081112;10;47200
3elt.gra;4727715;3140570;0.08091;10;47200
3elt.gra;4727715;3090350;0.581584;100;472000
3elt.gra;4727715;3090350;0.581459;100;472000
3elt.gra;4581400;3166383;0.58202;100;472000
3elt.gra;4581400;3166383;0.5811;100;472000
3elt.gra;3854731;3028266;0.582396;100;472000
3elt.gra;5387786;3099585;0.58422;100;472000
3elt.gra;5387786;3099585;0.583976;100;472000
3elt.gra;3836696;3157058;0.582187;100;472000
3elt.gra;3836696;3157058;0.582037;100;472000
3elt.gra;3303324;2997402;0.581863;100;472000
3elt.gra;3303324;2945060;5.57443;1000;4720000
3elt.gra;4131704;2882853;5.58116;1000;4720000
3elt.gra;3719476;2941927;5.5717;1000;4720000
3elt.gra;3855122;2821865;5.58133;1000;4720000
3elt.gra;4668586;2856587;5.56715;1000;4720000
3elt.gra;3207102;2867480;5.57125;1000;4720000
3elt.gra;5435263;2870263;5.58677;1000;4720000
3elt.gra;4087641;2837934;5.58185;1000;4720000
3elt.gra;3741666;2834339;5.58064;1000;4720000
3elt.gra;3632878;2990715;5.57772;1000;4720000
airfoil1.gra;2424596;2424596;0.028532;1;4253
airfoil1.gra;2424596;2424596;0.028201;1;4253
airfoil1.gra;2424596;2424596;0.028166;1;4253
airfoil1.gra;2424596;2424596;0.028073;1;4253
airfoil1.gra;2424596;2424596;0.027819;1;4253
airfoil1.gra;2424596;2424596;0.028072;1;4253
airfoil1.gra;2424596;2424596;0.027766;1;4253
airfoil1.gra;2424596;2424596;0.02813;1;4253
airfoil1.gra;3076928;3076928;0.027928;1;4253
airfoil1.gra;3076928;3076928;0.028009;1;4253
airfoil1.gra;3076928;2066182;0.072094;10;42530
airfoil1.gra;3076928;2066182;0.072146;10;42530
airfoil1.gra;3076928;2066182;0.072019;10;42530
airfoil1.gra;3076928;2066182;0.072463;10;42530
airfoil1.gra;3076928;2066182;0.073423;10;42530
airfoil1.gra;3076928;2066182;0.07231;10;42530
airfoil1.gra;3076928;2066182;0.07461;10;42530
airfoil1.gra;3076928;2066182;0.072452;10;42530
airfoil1.gra;3076928;2066182;0.074676;10;42530
airfoil1.gra;3076928;2066182;0.073315;10;42530
airfoil1.gra;3076928;1937926;0.516401;100;425300
airfoil1.gra;2785777;1884402;0.517022;100;425300
airfoil1.gra;2785777;1884402;0.515662;100;425300
airfoil1.gra;2031316;1919034;0.515555;100;425300
airfoil1.gra;2031316;1919034;0.516672;100;425300
airfoil1.gra;2073010;1879805;0.521703;100;425300
airfoil1.gra;2073010;1879805;0.518298;100;425300
airfoil1.gra;2266958;1965394;0.517225;100;425300
airfoil1.gra;2376700;1931683;0.516471;100;425300
airfoil1.gra;2376700;1931683;0.5181;100;425300
airfoil1.gra;2474460;1898274;4.95531;1000;4253000
airfoil1.gra;2374627;1900598;4.95839;1000;4253000
airfoil1.gra;2538276;1882967;5.00135;1000;4253000
airfoil1.gra;3693360;1900025;4.9573;1000;4253000
airfoil1.gra;2961290;1840377;4.95606;1000;4253000
airfoil1.gra;2553422;1863012;4.96504;1000;4253000
airfoil1.gra;2232763;1902858;4.95456;1000;4253000
airfoil1.gra;2416511;1869145;4.96034;1000;4253000
airfoil1.gra;2356876;1860634;4.95603;1000;4253000
airfoil1.gra;2361726;1814716;4.95798;1000;4253000
basic.gra;6;6;0.000186;1;4
basic.gra;6;6;0.000159;1;4
basic.gra;6;6;0.000162;1;4
basic.gra;6;6;0.000157;1;4
basic.gra;6;6;0.000157;1;4
basic.gra;6;6;0.000156;1;4
basic.gra;6;6;0.000195;1;4
basic.gra;6;6;0.000189;1;4
basic.gra;6;6;0.000162;1;4
basic.gra;6;6;0.000159;1;4
basic.gra;6;6;0.00049;10;40
basic.gra;6;6;0.000482;10;40
basic.gra;6;6;0.000473;10;40
basic.gra;6;6;0.000475;10;40
basic.gra;6;6;0.000463;10;40
basic.gra;6;6;0.000478;10;40
basic.gra;6;6;0.000486;10;40
basic.gra;6;6;0.000491;10;40
basic.gra;6;6;0.000516;10;40
basic.gra;6;6;0.000526;10;40
basic.gra;6;6;0.003612;100;400
basic.gra;6;6;0.00351;100;400
basic.gra;6;6;0.003535;100;400
basic.gra;6;6;0.003471;100;400
basic.gra;6;6;0.00333;100;400
basic.gra;6;6;0.003612;100;400
basic.gra;6;6;0.003609;100;400
basic.gra;6;6;0.003607;100;400
basic.gra;6;6;0.003405;100;400
basic.gra;6;6;0.003445;100;400
basic.gra;6;6;0.032996;1000;4000
basic.gra;6;6;0.035046;1000;4000
basic.gra;6;6;0.032596;1000;4000
basic.gra;6;6;0.034571;1000;4000
basic.gra;6;6;0.03454;1000;4000
basic.gra;6;6;0.032727;1000;4000
basic.gra;6;6;0.03232;1000;4000
basic.gra;6;6;0.032657;1000;4000
basic.gra;6;6;0.033411;1000;4000
basic.gra;6;6;0.033251;1000;4000
bintree10.gra;184701;184701;0.002958;1;1023
bintree10.gra;184701;184701;0.002996;1;1023
bintree10.gra;184701;184701;0.003064;1;1023
bintree10.gra;184701;184701;0.002968;1;1023
bintree10.gra;184701;184701;0.003013;1;1023
bintree10.gra;184701;184701;0.002997;1;1023
bintree10.gra;184701;184701;0.002976;1;1023
bintree10.gra;184701;184701;0.002961;1;1023
bintree10.gra;184701;184701;0.003033;1;1023
bintree10.gra;184701;184701;0.002981;1;1023
bintree10.gra;184701;182423;0.00697;10;10230
bintree10.gra;184701;182423;0.007042;10;10230
bintree10.gra;184701;182423;0.006937;10;10230
bintree10.gra;184701;182423;0.006971;10;10230
bintree10.gra;184701;182423;0.006907;10;10230
bintree10.gra;184701;182423;0.007013;10;10230
bintree10.gra;184701;182423;0.007037;10;10230
bintree10.gra;184701;182423;0.006989;10;10230
bintree10.gra;184701;182423;0.007066;10;10230
bintree10.gra;184701;182423;0.006962;10;10230
bintree10.gra;184701;169049;0.046955;100;102300
bintree10.gra;184701;169049;0.04712;100;102300
bintree10.gra;184701;169049;0.046778;100;102300
bintree10.gra;184701;169049;0.046739;100;102300
bintree10.gra;184701;169049;0.046855;100;102300
bintree10.gra;184701;169049;0.0471;100;102300
bintree10.gra;184701;169049;0.046987;100;102300
bintree10.gra;184701;169049;0.047006;100;102300
bintree10.gra;184701;169049;0.046759;100;102300
bintree10.gra;184701;169049;0.04693;100;102300
bintree10.gra;184701;169043;0.44596;1000;1023000
bintree10.gra;193187;169041;0.446695;1000;1023000
bintree10.gra;193187;169041;0.443905;1000;1023000
bintree10.gra;193833;169041;0.447085;1000;1023000
bintree10.gra;193833;169041;0.446251;1000;1023000
bintree10.gra;169051;169041;0.446524;1000;1023000
bintree10.gra;169051;169041;0.44606;1000;1023000
bintree10.gra;196103;169043;0.443326;1000;1023000
bintree10.gra;196103;169043;0.446467;1000;1023000
bintree10.gra;196103;169043;0.443317;1000;1023000
c1y.gra;313545;313545;0.004321;1;828
c1y.gra;313545;313545;0.004338;1;828
c1y.gra;313545;313545;0.005265;1;828
c1y.gra;313545;313545;0.004965;1;828
c1y.gra;313545;313545;0.004299;1;828
c1y.gra;313545;313545;0.004302;1;828
c1y.gra;313545;313545;0.004306;1;828
c1y.gra;313545;313545;0.004299;1;828
c1y.gra;313545;313545;0.004444;1;828
c1y.gra;313545;313545;0.004341;1;828
c1y.gra;313545;313545;0.012301;10;8280
c1y.gra;313545;313545;0.012344;10;8280
c1y.gra;313545;313545;0.01232;10;8280
c1y.gra;313545;313545;0.012372;10;8280
c1y.gra;313545;313545;0.012371;10;8280
c1y.gra;313545;313545;0.012335;10;8280
c1y.gra;313545;313545;0.012375;10;8280
c1y.gra;313545;313545;0.012371;10;8280
c1y.gra;313545;313545;0.01234;10;8280
c1y.gra;313545;313545;0.012316;10;8280
c1y.gra;313545;306206;0.092869;100;82800
c1y.gra;313545;306206;0.093084;100;82800
c1y.gra;313545;306206;0.092712;100;82800
c1y.gra;313545;306206;0.093218;100;82800
c1y.gra;313545;306206;0.09449;100;82800
c1y.gra;328669;304004;0.093957;100;82800
c1y.gra;328669;304004;0.093985;100;82800
c1y.gra;328669;304004;0.094073;100;82800
c1y.gra;328669;304004;0.094449;100;82800
c1y.gra;328669;304004;0.092837;100;82800
c1y.gra;328669;292061;0.897981;1000;828000
c1y.gra;328156;298429;0.89446;1000;828000
c1y.gra;325636;295703;0.897558;1000;828000
c1y.gra;323366;296913;0.905756;1000;828000
c1y.gra;329931;292026;0.900899;1000;828000
c1y.gra;319193;296130;0.8975;1000;828000
c1y.gra;323804;294909;0.902399;1000;828000
c1y.gra;330117;291318;0.905965;1000;828000
c1y.gra;330062;298603;0.894838;1000;828000
c1y.gra;321395;299958;0.895655;1000;828000
c2y.gra;451377;451377;0.00514;1;980
c2y.gra;451377;451377;0.005125;1;980
c2y.gra;451377;451377;0.006047;1;980
c2y.gra;451377;451377;0.006163;1;980
c2y.gra;451377;451377;0.006136;1;980
c2y.gra;451377;451377;0.005073;1;980
c2y.gra;460137;460137;0.005097;1;980
c2y.gra;460137;460137;0.005359;1;980
c2y.gra;460137;460137;0.005117;1;980
c2y.gra;460137;460137;0.005056;1;980
c2y.gra;460137;411055;0.014407;10;9800
c2y.gra;460137;411055;0.014329;10;9800
c2y.gra;460137;411055;0.014409;10;9800
c2y.gra;460137;411055;0.014473;10;9800
c2y.gra;460137;411055;0.014397;10;9800
c2y.gra;460137;411055;0.014396;10;9800
c2y.gra;460137;411055;0.014366;10;9800
c2y.gra;460137;411055;0.014338;10;9800
c2y.gra;460137;411055;0.014306;10;9800
c2y.gra;460137;411055;0.014378;10;9800
c2y.gra;460137;411055;0.106474;100;98000
c2y.gra;460137;411055;0.106622;100;98000
c2y.gra;460137;411055;0.106416;100;98000
c2y.gra;460137;411055;0.10596;100;98000
c2y.gra;460137;411055;0.105876;100;98000
c2y.gra;460137;411055;0.106095;100;98000
c2y.gra;460137;411055;0.106207;100;98000
c2y.gra;460137;411055;0.106147;100;98000
c2y.gra;448107;415278;0.105489;100;98000
c2y.gra;448107;415278;0.105406;100;98000
c2y.gra;448107;397731;1.0228;1000;980000
c2y.gra;430868;398860;1.02799;1000;980000
c2y.gra;432568;396065;1.02613;1000;980000
c2y.gra;447386;389449;1.02365;1000;980000
c2y.gra;451293;393455;1.02262;1000;980000
c2y.gra;438403;392007;1.02875;1000;980000
c2y.gra;421679;399392;1.02197;1000;980000
c2y.gra;450791;392642;1.02305;1000;980000
c2y.gra;435891;394384;1.02682;1000;980000
c2y.gra;440930;395014;1.0218;1000;980000
c3y.gra;778478;778478;0.007166;1;1327
c3y.gra;778478;778478;0.007258;1;1327
c3y.gra;778478;778478;0.008004;1;1327
c3y.gra;778478;778478;0.007791;1;1327
c3y.gra;778478;778478;0.007167;1;1327
c3y.gra;778478;778478;0.006969;1;1327
c3y.gra;778478;778478;0.007068;1;1327
c3y.gra;778478;778478;0.007146;1;1327
c3y.gra;778478;778478;0.00743;1;1327
c3y.gra;778478;778478;0.007161;1;1327
c3y.gra;778478;725375;0.020062;10;13270
c3y.gra;778478;725375;0.020034;10;13270
c3y.gra;778478;725375;0.019909;10;13270
c3y.gra;778478;725375;0.019944;10;13270
c3y.gra;778478;725375;0.019919;10;13270
c3y.gra;778478;725375;0.019904;10;13270
c3y.gra;778478;725375;0.019918;10;13270
c3y.gra;773940;749551;0.019869;10;13270
c3y.gra;773940;749551;0.019807;10;13270
c3y.gra;773940;749551;0.019895;10;13270
c3y.gra;773940;715504;0.147451;100;132700
c3y.gra;773940;715504;0.147905;100;132700
c3y.gra;773940;715504;0.147005;100;132700
c3y.gra;773940;715504;0.148285;100;132700
c3y.gra;773940;715504;0.146867;100;132700
c3y.gra;773940;715504;0.147702;100;132700
c3y.gra;773940;715504;0.14876;100;132700
c3y.gra;756243;698891;0.14757;100;132700
c3y.gra;756243;698891;0.146974;100;132700
c3y.gra;756243;698891;0.147213;100;132700
c3y.gra;756243;686594;1.42302;1000;1327000
c3y.gra;780412;690929;1.41301;1000;1327000
c3y.gra;784660;692010;1.4236;1000;1327000
c3y.gra;834385;699833;1.4214;1000;1327000
c3y.gra;768054;689273;1.42068;1000;1327000
c3y.gra;740048;683280;1.41542;1000;1327000
c3y.gra;760760;698887;1.42512;1000;1327000
c3y.gra;762583;690216;1.41785;1000;1327000
c3y.gra;769164;690842;1.42452;1000;1327000
c3y.gra;760306;691586;1.4237;1000;1327000
c4y.gra;776750;776750;0.007211;1;1366
c4y.gra;776750;776750;0.007229;1;1366
c4y.gra;776750;776750;0.00728;1;1366
c4y.gra;776750;776750;0.007426;1;1366
c4y.gra;776750;776750;0.007294;1;1366
c4y.gra;776750;776750;0.007355;1;1366
c4y.gra;776750;776750;0.007209;1;1366
c4y.gra;776750;776750;0.007216;1;1366
c4y.gra;776750;776750;0.00715;1;1366
c4y.gra;776750;776750;0.007168;1;1366
c4y.gra;776750;722806;0.020322;10;13660
c4y.gra;776750;722806;0.02029;10;13660
c4y.gra;776750;722806;0.020166;10;13660
c4y.gra;776750;722806;0.02023;10;13660
c4y.gra;776750;722806;0.020161;10;13660
c4y.gra;776750;722806;0.020159;10;13660
c4y.gra;776750;722806;0.020191;10;13660
c4y.gra;776750;722806;0.020221;10;13660
c4y.gra;776750;722806;0.02024;10;13660
c4y.gra;776750;722806;0.020209;10;13660
c4y.gra;776750;701368;0.149319;100;136600
c4y.gra;776750;701368;0.152039;100;136600
c4y.gra;776750;701368;0.149364;100;136600
c4y.gra;776750;701368;0.151641;100;136600
c4y.gra;776750;701368;0.150284;100;136600
c4y.gra;777507;682721;0.150185;100;136600
c4y.gra;777507;682721;0.150585;100;136600
c4y.gra;777507;682721;0.151005;100;136600
c4y.gra;777507;682721;0.150378;100;136600
c4y.gra;777507;682721;0.150722;100;136600
c4y.gra;777507;670566;1.45004;1000;1366000
c4y.gra;738224;668735;1.44933;1000;1366000
c4y.gra;750831;650793;1.44252;1000;1366000
c4y.gra;756765;664527;1.44623;1000;1366000
c4y.gra;766617;665230;1.44122;1000;1366000
c4y.gra;756999;658832;1.44431;1000;1366000
c4y.gra;748439;666701;1.43888;1000;1366000
c4y.gra;762045;657158;1.44532;1000;1366000
c4y.gra;737710;669430;1.44679;1000;1366000
c4y.gra;743524;669360;1.44929;1000;1366000
c5y.gra;607896;607896;0.006224;1;1202
c5y.gra;607896;607896;0.00626;1;1202
c5y.gra;607896;607896;0.006895;1;1202
c5y.gra;607896;607896;0.006781;1;1202
c5y.gra;607896;607896;0.006251;1;1202
c5y.gra;607896;607896;0.006286;1;1202
c5y.gra;607896;607896;0.006207;1;1202
c5y.gra;607896;607896;0.006318;1;1202
c5y.gra;607896;607896;0.006249;1;1202
c5y.gra;607896;607896;0.006247;1;1202
c5y.gra;607896;580319;0.01787;10;12020
c5y.gra;607896;580319;0.017842;10;12020
c5y.gra;607896;580319;0.017835;10;12020
c5y.gra;607896;580319;0.017865;10;12020
c5y.gra;607896;580319;0.01777;10;12020
c5y.gra;607896;580319;0.01784;10;12020
c5y.gra;607896;580319;0.017957;10;12020
c5y.gra;607896;580319;0.017845;10;12020
c5y.gra;607896;580319;0.017866;10;12020
c5y.gra;607896;580319;0.017926;10;12020
c5y.gra;607896;580319;0.132842;100;120200
c5y.gra;607896;580319;0.132701;100;120200
c5y.gra;607896;580319;0.133362;100;120200
c5y.gra;639875;586135;0.134195;100;120200
c5y.gra;639875;586135;0.133011;100;120200
c5y.gra;639875;586135;0.133646;100;120200
c5y.gra;639875;586135;0.134682;100;120200
c5y.gra;639875;586135;0.133262;100;120200
c5y.gra;639875;586135;0.13497;100;120200
c5y.gra;639875;586135;0.132992;100;120200
c5y.gra;632967;552062;1.27873;1000;1202000
c5y.gra;616684;551961;1.28971;1000;1202000
c5y.gra;629027;537632;1.28202;1000;1202000
c5y.gra;642225;552240;1.28029;1000;1202000
c5y.gra;633355;549380;1.28869;1000;1202000
c5y.gra;634231;542910;1.28742;1000;1202000
c5y.gra;618429;558285;1.28713;1000;1202000
c5y.gra;614307;544450;1.2841;1000;1202000
c5y.gra;632173;554736;1.28446;1000;1202000
c5y.gra;607163;540928;1.28678;1000;1202000
gd95c.gra;1821;1821;0.000477;1;62
gd95c.gra;1821;1821;0.000484;1;62
gd95c.gra;1821;1821;0.000465;1;62
gd95c.gra;1821;1821;0.000512;1;62
gd95c.gra;1821;1821;0.000488;1;62
gd95c.gra;1821;1821;0.000797;1;62
gd95c.gra;1821;1821;0.000504;1;62
gd95c.gra;1821;1821;0.000517;1;62
gd95c.gra;1821;1821;0.000489;1;62
gd95c.gra;1821;1821;0.000478;1;62
gd95c.gra;1821;1123;0.00138;10;620
gd95c.gra;1821;1123;0.001409;10;620
gd95c.gra;1821;1123;0.001393;10;620
gd95c.gra;1821;1123;0.00138;10;620
gd95c.gra;1821;1123;0.001638;10;620
gd95c.gra;1821;1123;0.001507;10;620
gd95c.gra;1821;1123;0.001369;10;620
gd95c.gra;1821;1123;0.001385;10;620
gd95c.gra;1821;1123;0.001406;10;620
gd95c.gra;1821;1123;0.001405;10;620
gd95c.gra;1821;1123;0.01018;100;6200
gd95c.gra;1821;1123;0.010349;100;6200
gd95c.gra;1821;1123;0.010371;100;6200
gd95c.gra;1821;1123;0.010167;100;6200
gd95c.gra;1821;1123;0.010886;100;6200
gd95c.gra;1821;1123;0.011184;100;6200
gd95c.gra;1821;1123;0.010205;100;6200
gd95c.gra;1821;1123;0.010274;100;6200
gd95c.gra;1821;1123;0.011628;100;6200
gd95c.gra;1821;1123;0.010249;100;6200
gd95c.gra;1821;1079;0.099707;1000;62000
gd95c.gra;1821;1079;0.097602;1000;62000
gd95c.gra;1821;1079;0.100104;1000;62000
gd95c.gra;1821;1079;0.099903;1000;62000
gd95c.gra;1821;1079;0.09774;1000;62000
gd95c.gra;1714;1053;0.102673;1000;62000
gd95c.gra;1714;1053;0.097645;1000;62000
gd95c.gra;1714;1053;0.10379;1000;62000
gd95c.gra;1714;1053;0.100965;1000;62000
gd95c.gra;1714;1053;0.098294;1000;62000
gd96a.gra;331766;331766;0.004548;1;1096
gd96a.gra;331766;331766;0.004555;1;1096
gd96a.gra;331766;331766;0.004533;1;1096
gd96a.gra;331766;331766;0.004601;1;1096
gd96a.gra;331766;331766;0.005468;1;1096
gd96a.gra;331766;331766;0.004919;1;1096
gd96a.gra;331766;331766;0.004527;1;1096
gd96a.gra;331766;331766;0.004527;1;1096
gd96a.gra;331766;331766;0.004534;1;1096
gd96a.gra;331766;331766;0.004682;1;1096
gd96a.gra;331766;319160;0.014116;10;10960
gd96a.gra;331766;319160;0.013605;10;10960
gd96a.gra;331766;319160;0.013444;10;10960
gd96a.gra;331766;319160;0.013556;10;10960
gd96a.gra;331766;319160;0.013501;10;10960
gd96a.gra;331766;319160;0.013515;10;10960
gd96a.gra;331766;319160;0.013448;10;10960
gd96a.gra;331766;319160;0.013486;10;10960
gd96a.gra;331766;319160;0.013459;10;10960
gd96a.gra;331766;319160;0.013476;10;10960
gd96a.gra;331766;312908;0.102209;100;109600
gd96a.gra;331766;312908;0.102215;100;109600
gd96a.gra;331766;312908;0.103853;100;109600
gd96a.gra;329587;313094;0.105056;100;109600
gd96a.gra;329587;313094;0.104665;100;109600
gd96a.gra;329587;313094;0.10215;100;109600
gd96a.gra;329587;313094;0.102153;100;109600
gd96a.gra;329587;313094;0.102024;100;109600
gd96a.gra;329587;313094;0.104377;100;109600
gd96a.gra;329587;313094;0.102533;100;109600
gd96a.gra;329587;309238;0.987822;1000;1096000
gd96a.gra;335993;313451;0.986109;1000;1096000
gd96a.gra;328003;311814;0.984989;1000;1096000
gd96a.gra;344764;307665;0.987798;1000;1096000
gd96a.gra;328406;310974;0.986246;1000;1096000
gd96a.gra;342380;308615;0.99293;1000;1096000
gd96a.gra;329880;311707;0.988433;1000;1096000
gd96a.gra;335337;308826;0.992102;1000;1096000
gd96a.gra;335083;311614;0.99005;1000;1096000
gd96a.gra;335525;312568;0.986836;1000;1096000
gd96b.gra;1123;1123;0.000582;1;111
gd96b.gra;1123;1123;0.000573;1;111
gd96b.gra;1123;1123;0.000586;1;111
gd96b.gra;1123;1123;0.000584;1;111
gd96b.gra;1123;1123;0.000584;1;111
gd96b.gra;1123;1123;0.000603;1;111
gd96b.gra;1123;1123;0.000591;1;111
gd96b.gra;1123;1123;0.000689;1;111
gd96b.gra;1123;1123;0.000686;1;111
gd96b.gra;1123;1123;0.000687;1;111
gd96b.gra;1123;1030;0.002013;10;1110
gd96b.gra;1123;1030;0.002443;10;1110
gd96b.gra;1123;1030;0.002049;10;1110
gd96b.gra;1123;1030;0.001975;10;1110
gd96b.gra;1123;1030;0.001684;10;1110
gd96b.gra;1123;1030;0.001684;10;1110
gd96b.gra;1123;1030;0.00169;10;1110
gd96b.gra;1123;1030;0.001699;10;1110
gd96b.gra;1123;1030;0.001707;10;1110
gd96b.gra;1123;1030;0.001659;10;1110
gd96b.gra;1123;849;0.012045;100;11100
gd96b.gra;1123;849;0.012066;100;11100
gd96b.gra;1123;849;0.012321;100;11100
gd96b.gra;1123;849;0.012069;100;11100
gd96b.gra;1123;849;0.012063;100;11100
gd96b.gra;1123;849;0.012236;100;11100
gd96b.gra;1123;849;0.012043;100;11100
gd96b.gra;1123;849;0.012206;100;11100
gd96b.gra;1123;849;0.012151;100;11100
gd96b.gra;1123;849;0.012274;100;11100
gd96b.gra;1123;810;0.116706;1000;111000
gd96b.gra;1656;830;0.117627;1000;111000
gd96b.gra;1656;830;0.116444;1000;111000
gd96b.gra;1656;830;0.117634;1000;111000
gd96b.gra;1656;830;0.116037;1000;111000
gd96b.gra;1656;830;0.116712;1000;111000
gd96b.gra;1656;830;0.117578;1000;111000
gd96b.gra;1656;830;0.117647;1000;111000
gd96b.gra;1656;830;0.120874;1000;111000
gd96b.gra;1178;829;0.114674;1000;111000
gd96c.gra;1230;1230;0.000503;1;65
gd96c.gra;1230;1230;0.000458;1;65
gd96c.gra;1230;1230;0.000442;1;65
gd96c.gra;1230;1230;0.000543;1;65
gd96c.gra;1230;1230;0.000534;1;65
gd96c.gra;1230;1230;0.000546;1;65
gd96c.gra;1230;1230;0.000558;1;65
gd96c.gra;1230;1230;0.000531;1;65
gd96c.gra;1230;1230;0.000558;1;65
gd96c.gra;1230;1230;0.000538;1;65
gd96c.gra;1230;1115;0.001692;10;650
gd96c.gra;1230;1115;0.001996;10;650
gd96c.gra;1230;1115;0.001983;10;650
gd96c.gra;1230;1115;0.001483;10;650
gd96c.gra;1230;1115;0.001309;10;650
gd96c.gra;1230;1115;0.001321;10;650
gd96c.gra;1230;1115;0.001321;10;650
gd96c.gra;1230;1115;0.001319;10;650
gd96c.gra;1230;1115;0.001321;10;650
gd96c.gra;1230;1115;0.001311;10;650
gd96c.gra;1230;1094;0.009832;100;6500
gd96c.gra;1230;1094;0.009884;100;6500
gd96c.gra;1230;1094;0.009967;100;6500
gd96c.gra;1230;1094;0.009835;100;6500
gd96c.gra;1230;1094;0.009776;100;6500
gd96c.gra;1230;1094;0.009954;100;6500
gd96c.gra;1230;1094;0.00976;100;6500
gd96c.gra;1230;1094;0.009972;100;6500
gd96c.gra;1230;1094;0.009885;100;6500
gd96c.gra;1230;1094;0.009805;100;6500
gd96c.gra;1230;1061;0.096511;1000;65000
gd96c.gra;1230;1061;0.094235;1000;65000
gd96c.gra;1230;1061;0.096352;1000;65000
gd96c.gra;1230;1061;0.095539;1000;65000
gd96c.gra;1230;1061;0.095972;1000;65000
gd96c.gra;1230;1061;0.09503;1000;65000
gd96c.gra;1230;1061;0.096389;1000;65000
gd96c.gra;1467;1065;0.096305;1000;65000
gd96c.gra;1467;1065;0.095835;1000;65000
gd96c.gra;1467;1065;0.09886;1000;65000
gd96d.gra;6759;6759;0.000759;1;180
gd96d.gra;6759;6759;0.000766;1;180
gd96d.gra;6759;6759;0.000764;1;180
gd96d.gra;6759;6759;0.000772;1;180
gd96d.gra;6759;6759;0.000815;1;180
gd96d.gra;6759;6759;0.000904;1;180
gd96d.gra;6759;6759;0.000888;1;180
gd96d.gra;6759;6759;0.000898;1;180
gd96d.gra;6759;6759;0.001111;1;180
gd96d.gra;6759;6759;0.001152;1;180
gd96d.gra;6759;5932;0.002304;10;1800
gd96d.gra;6759;5932;0.002245;10;1800
gd96d.gra;6759;5932;0.002254;10;1800
gd96d.gra;6759;5932;0.002241;10;1800
gd96d.gra;6759;5932;0.002234;10;1800
gd96d.gra;6759;5932;0.002281;10;1800
gd96d.gra;6759;5932;0.00225;10;1800
gd96d.gra;6759;5932;0.002248;10;1800
gd96d.gra;6759;5932;0.002198;10;1800
gd96d.gra;6759;5932;0.002663;10;1800
gd96d.gra;6759;5572;0.021923;100;18000
gd96d.gra;6759;5572;0.017445;100;18000
gd96d.gra;6759;5572;0.017324;100;18000
gd96d.gra;6759;5572;0.017321;100;18000
gd96d.gra;6759;5572;0.017317;100;18000
gd96d.gra;6759;5572;0.017279;100;18000
gd96d.gra;6759;5572;0.01718;100;18000
gd96d.gra;6759;5572;0.017402;100;18000
gd96d.gra;6759;5572;0.017229;100;18000
gd96d.gra;6759;5572;0.017235;100;18000
gd96d.gra;6759;5362;0.164022;1000;180000
gd96d.gra;6759;5362;0.163231;1000;180000
gd96d.gra;6759;5362;0.163252;1000;180000
gd96d.gra;8749;5434;0.165905;1000;180000
gd96d.gra;8749;5434;0.165556;1000;180000
gd96d.gra;8749;5434;0.164214;1000;180000
gd96d.gra;8749;5434;0.165086;1000;180000
gd96d.gra;8749;5434;0.166894;1000;180000
gd96d.gra;8749;5434;0.164739;1000;180000
gd96d.gra;5889;5369;0.16303;1000;180000
hc10.gra;484994;484994;0.009376;1;1024
hc10.gra;484994;484994;0.011123;1;1024
hc10.gra;484994;484994;0.009346;1;1024
hc10.gra;484994;484994;0.009309;1;1024
hc10.gra;484994;484994;0.009331;1;1024
hc10.gra;484994;484994;0.009383;1;1024
hc10.gra;484994;484994;0.009341;1;1024
hc10.gra;484994;484994;0.009411;1;1024
hc10.gra;484994;484994;0.009792;1;1024
hc10.gra;484994;484994;0.009264;1;1024
hc10.gra;484994;470898;0.021296;10;10240
hc10.gra;484994;470898;0.021379;10;10240
hc10.gra;484994;470898;0.021303;10;10240
hc10.gra;484994;470898;0.021314;10;10240
hc10.gra;484994;470898;0.021387;10;10240
hc10.gra;484994;470898;0.021409;10;10240
hc10.gra;484994;470898;0.02135;10;10240
hc10.gra;484994;470898;0.021332;10;10240
hc10.gra;484994;470898;0.021362;10;10240
hc10.gra;484994;470898;0.021311;10;10240
hc10.gra;484994;470898;0.140676;100;102400
hc10.gra;484994;470898;0.140317;100;102400
hc10.gra;484994;470898;0.153484;100;102400
hc10.gra;488482;470422;0.141142;100;102400
hc10.gra;488482;470422;0.141025;100;102400
hc10.gra;488482;470422;0.140781;100;102400
hc10.gra;488482;470422;0.1411;100;102400
hc10.gra;488482;470422;0.1408;100;102400
hc10.gra;488482;470422;0.142016;100;102400
hc10.gra;488482;470422;0.140098;100;102400
hc10.gra;488214;470474;1.33377;1000;1024000
hc10.gra;503054;470444;1.3311;1000;1024000
hc10.gra;484684;470480;1.33331;1000;1024000
hc10.gra;488514;470524;1.33708;1000;1024000
hc10.gra;502808;470528;1.33529;1000;1024000
hc10.gra;484858;470674;1.3368;1000;1024000
hc10.gra;484572;470586;1.33015;1000;1024000
hc10.gra;470940;470508;1.33372;1000;1024000
hc10.gra;488632;470504;1.33468;1000;1024000
hc10.gra;471426;470456;1.33364;1000;1024000
mesh33x33.gra;89399;89399;0.005104;1;1089
mesh33x33.gra;89399;89399;0.005887;1;1089
mesh33x33.gra;89399;89399;0.005072;1;1089
mesh33x33.gra;89399;89399;0.00569;1;1089
mesh33x33.gra;89399;89399;0.006096;1;1089
mesh33x33.gra;89399;89399;0.005113;1;1089
mesh33x33.gra;89399;89399;0.005181;1;1089
mesh33x33.gra;89399;89399;0.005098;1;1089
mesh33x33.gra;89399;89399;0.005121;1;1089
mesh33x33.gra;89399;89399;0.005107;1;1089
mesh33x33.gra;89399;63786;0.013383;10;10890
mesh33x33.gra;89399;63786;0.013189;10;10890
mesh33x33.gra;89399;63786;0.013177;10;10890
mesh33x33.gra;89399;63786;0.013198;10;10890
mesh33x33.gra;89399;63786;0.01315;10;10890
mesh33x33.gra;89399;63786;0.013218;10;10890
mesh33x33.gra;89399;63786;0.013223;10;10890
mesh33x33.gra;89399;63786;0.01317;10;10890
mesh33x33.gra;89399;63786;0.013173;10;10890
mesh33x33.gra;89399;63786;0.013187;10;10890
mesh33x33.gra;89399;58931;0.092638;100;108900
mesh33x33.gra;89399;58931;0.093586;100;108900
mesh33x33.gra;89399;58931;0.093093;100;108900
mesh33x33.gra;89399;58931;0.092944;100;108900
mesh33x33.gra;71440;59717;0.098992;100;108900
mesh33x33.gra;71440;59717;0.094242;100;108900
mesh33x33.gra;71440;59717;0.094307;100;108900
mesh33x33.gra;71440;59717;0.094383;100;108900
mesh33x33.gra;71440;59717;0.09331;100;108900
mesh33x33.gra;71440;59717;0.093203;100;108900
mesh33x33.gra;71440;58238;0.88903;1000;1089000
mesh33x33.gra;68397;58176;0.890666;1000;1089000
mesh33x33.gra;63274;58243;0.888189;1000;1089000
mesh33x33.gra;66019;58122;0.889716;1000;1089000
mesh33x33.gra;59185;58175;0.88804;1000;1089000
mesh33x33.gra;78040;58010;0.894347;1000;1089000
mesh33x33.gra;73870;58187;0.894225;1000;1089000
mesh33x33.gra;73870;58187;0.891566;1000;1089000
mesh33x33.gra;103132;58128;0.888482;1000;1089000
mesh33x33.gra;93053;58201;0.888124;1000;1089000
randomA1.gra;1246138;1246138;0.00951;1;1000
randomA1.gra;1246138;1246138;0.009353;1;1000
randomA1.gra;1246138;1246138;0.009465;1;1000
randomA1.gra;1246138;1246138;0.009451;1;1000
randomA1.gra;1246138;1246138;0.009677;1;1000
randomA1.gra;1246138;1246138;0.009893;1;1000
randomA1.gra;1246138;1246138;0.009419;1;1000
randomA1.gra;1246138;1246138;0.009374;1;1000
randomA1.gra;1246138;1246138;0.009367;1;1000
randomA1.gra;1246138;1246138;0.009363;1;1000
randomA1.gra;1246138;1163037;0.025389;10;10000
randomA1.gra;1246138;1163037;0.025402;10;10000
randomA1.gra;1246138;1163037;0.025476;10;10000
randomA1.gra;1246138;1163037;0.025442;10;10000
randomA1.gra;1246138;1163037;0.025424;10;10000
randomA1.gra;1246138;1163037;0.025369;10;10000
randomA1.gra;1246138;1163037;0.025543;10;10000
randomA1.gra;1246138;1163037;0.025408;10;10000
randomA1.gra;1246138;1163037;0.025743;10;10000
randomA1.gra;1246138;1163037;0.025348;10;10000
randomA1.gra;1217900;1171461;0.18573;100;100000
randomA1.gra;1217900;1171461;0.185545;100;100000
randomA1.gra;1217900;1171461;0.185792;100;100000
randomA1.gra;1217900;1171461;0.185397;100;100000
randomA1.gra;1217900;1171461;0.188052;100;100000
randomA1.gra;1217900;1171461;0.18827;100;100000
randomA1.gra;1235518;1193332;0.185172;100;100000
randomA1.gra;1235518;1193332;0.185422;100;100000
randomA1.gra;1235518;1193332;0.18768;100;100000
randomA1.gra;1235518;1193332;0.185251;100;100000
randomA1.gra;1235518;1154203;1.78237;1000;1000000
randomA1.gra;1304823;1157988;1.78469;1000;1000000
randomA1.gra;1248561;1164086;1.78403;1000;1000000
randomA1.gra;1315645;1151037;1.78763;1000;1000000
randomA1.gra;1343626;1156948;1.78858;1000;1000000
randomA1.gra;1251425;1156362;1.78645;1000;1000000
randomA1.gra;1217016;1153434;1.78936;1000;1000000
randomA1.gra;1276203;1141801;1.78513;1000;1000000
randomA1.gra;1238868;1157151;2.01932;1000;1000000
randomA1.gra;1172689;1149086;1.79148;1000;1000000
randomA2.gra;1739355;1739355;0.033864;1;1000
randomA2.gra;1739355;1739355;0.03348;1;1000
randomA2.gra;1739355;1739355;0.032677;1;1000
randomA2.gra;1739355;1739355;0.032856;1;1000
randomA2.gra;1739355;1739355;0.033921;1;1000
randomA2.gra;1739355;1739355;0.033306;1;1000
randomA2.gra;1739355;1739355;0.033314;1;1000
randomA2.gra;1739355;1739355;0.033418;1;1000
randomA2.gra;1739355;1739355;0.033346;1;1000
randomA2.gra;1739355;1739355;0.033975;1;1000
randomA2.gra;1739355;1662636;0.085177;10;10000
randomA2.gra;1739355;1662636;0.085093;10;10000
randomA2.gra;1739355;1662636;0.085326;10;10000
randomA2.gra;1739355;1662636;0.085059;10;10000
randomA2.gra;1739355;1662636;0.085882;10;10000
randomA2.gra;1739355;1662636;0.087972;10;10000
randomA2.gra;1739355;1662636;0.086111;10;10000
randomA2.gra;1715105;1635072;0.085805;10;10000
randomA2.gra;1715105;1635072;0.085804;10;10000
randomA2.gra;1715105;1635072;0.08621;10;10000
randomA2.gra;1715105;1591967;0.607071;100;100000
randomA2.gra;1715105;1591967;0.611285;100;100000
randomA2.gra;1698161;1586961;0.607899;100;100000
randomA2.gra;1751115;1601863;0.607221;100;100000
randomA2.gra;1751115;1601863;0.60987;100;100000
randomA2.gra;1728339;1568394;0.607471;100;100000
randomA2.gra;1728339;1568394;0.606445;100;100000
randomA2.gra;1746034;1591001;0.60604;100;100000
randomA2.gra;1706670;1607657;0.606852;100;100000
randomA2.gra;1706670;1607657;0.609009;100;100000
randomA2.gra;1590756;1555240;5.82045;1000;1000000
randomA2.gra;1641757;1537360;5.84581;1000;1000000
randomA2.gra;1617056;1580067;5.8444;1000;1000000
randomA2.gra;1701088;1578160;5.84326;1000;1000000
randomA2.gra;1637831;1571944;5.88025;1000;1000000
randomA2.gra;1736749;1580371;5.84084;1000;1000000
randomA2.gra;1694024;1563011;5.81787;1000;1000000
randomA2.gra;1699966;1556236;5.80393;1000;1000000
randomA2.gra;1671225;1544388;5.83156;1000;1000000
randomA2.gra;1817188;1564372;5.82778;1000;1000000
randomA3.gra;1739011;1739011;0.062044;1;1000
randomA3.gra;1739011;1739011;0.06802;1;1000
randomA3.gra;1739011;1739011;0.063238;1;1000
randomA3.gra;1739011;1739011;0.064082;1;1000
randomA3.gra;1739011;1739011;0.063343;1;1000
randomA3.gra;1739011;1739011;0.060149;1;1000
randomA3.gra;1739011;1739011;0.06086;1;1000
randomA3.gra;1739011;1739011;0.069568;1;1000
randomA3.gra;1739011;1739011;0.065757;1;1000
randomA3.gra;1739011;1739011;0.060128;1;1000
randomA3.gra;1739011;1663655;0.157923;10;10000
randomA3.gra;1739011;1663655;0.159335;10;10000
randomA3.gra;1736264;1702988;0.159986;10;10000
randomA3.gra;1736264;1702988;0.159409;10;10000
randomA3.gra;1736264;1702988;0.160779;10;10000
randomA3.gra;1736264;1702988;0.15839;10;10000
randomA3.gra;1736264;1702988;0.157693;10;10000
randomA3.gra;1736264;1702988;0.158093;10;10000
randomA3.gra;1732154;1687109;0.160136;10;10000
randomA3.gra;1732154;1687109;0.157311;10;10000
randomA3.gra;1732154;1664353;1.12405;100;100000
randomA3.gra;1785052;1631568;1.40047;100;100000
randomA3.gra;1805037;1650750;1.12388;100;100000
randomA3.gra;1680352;1653589;1.12466;100;100000
randomA3.gra;1698783;1653760;1.12433;100;100000
randomA3.gra;1722477;1643640;1.12642;100;100000
randomA3.gra;1768148;1630698;1.12629;100;100000
randomA3.gra;1717915;1645828;1.12371;100;100000
randomA3.gra;1747492;1640753;1.1276;100;100000
randomA3.gra;1755619;1637308;1.13129;100;100000
randomA3.gra;1751963;1637188;10.8224;1000;1000000
randomA3.gra;1746427;1637953;10.826;1000;1000000
randomA3.gra;1796508;1635870;10.7803;1000;1000000
randomA3.gra;1719792;1631451;10.8224;1000;1000000
randomA3.gra;1687745;1630027;10.8137;1000;1000000
randomA3.gra;1696946;1632285;10.8391;1000;1000000
randomA3.gra;1736880;1626890;10.8169;1000;1000000
randomA3.gra;1696864;1642319;10.8151;1000;1000000
randomA3.gra;1779893;1634088;10.813;1000;1000000
randomA3.gra;1735421;1630061;10.8157;1000;1000000
randomA4.gra;1415198;1415198;0.013683;1;1000
randomA4.gra;1415198;1415198;0.013705;1;1000
randomA4.gra;1415198;1415198;0.013765;1;1000
randomA4.gra;1415198;1415198;0.013743;1;1000
randomA4.gra;1415198;1415198;0.013716;1;1000
randomA4.gra;1415198;1415198;0.013628;1;1000
randomA4.gra;1415198;1415198;0.013878;1;1000
randomA4.gra;1415198;1415198;0.013799;1;1000
randomA4.gra;1415198;1415198;0.014076;1;1000
randomA4.gra;1415198;1415198;0.0136;1;1000
randomA4.gra;1415198;1415198;0.035496;10;10000
randomA4.gra;1415198;1415198;0.035496;10;10000
randomA4.gra;1415198;1415198;0.035489;10;10000
randomA4.gra;1415198;1415198;0.035398;10;10000
randomA4.gra;1415198;1415198;0.035437;10;10000
randomA4.gra;1415198;1415198;0.035558;10;10000
randomA4.gra;1415198;1415198;0.035483;10;10000
randomA4.gra;1415198;1415198;0.035441;10;10000
randomA4.gra;1415198;1415198;0.035488;10;10000
randomA4.gra;1415198;1415198;0.035316;10;10000
randomA4.gra;1415198;1398534;0.255077;100;100000
randomA4.gra;1527083;1382638;0.25514;100;100000
randomA4.gra;1527083;1382638;0.258032;100;100000
randomA4.gra;1527083;1382638;0.255368;100;100000
randomA4.gra;1527083;1382638;0.256786;100;100000
randomA4.gra;1604272;1398931;0.256587;100;100000
randomA4.gra;1604272;1398931;0.254626;100;100000
randomA4.gra;1604272;1398931;0.258588;100;100000
randomA4.gra;1604272;1398931;0.254542;100;100000
randomA4.gra;1920481;1411351;0.256508;100;100000
randomA4.gra;1920481;1346568;2.44872;1000;1000000
randomA4.gra;1449412;1331508;2.44659;1000;1000000
randomA4.gra;1527137;1344942;2.43916;1000;1000000
randomA4.gra;1491016;1341158;2.44976;1000;1000000
randomA4.gra;1389196;1322310;2.44019;1000;1000000
randomA4.gra;1537042;1337285;2.44948;1000;1000000
randomA4.gra;1684748;1344958;2.45038;1000;1000000
randomA4.gra;1524881;1339203;2.44281;1000;1000000
randomA4.gra;1683146;1338352;2.44911;1000;1000000
randomA4.gra;1690612;1346863;2.4432;1000;1000000
randomG4.gra;924415;924415;0.01361;1;1000
randomG4.gra;924415;924415;0.014672;1;1000
randomG4.gra;924415;924415;0.013605;1;1000
randomG4.gra;924415;924415;0.013385;1;1000
randomG4.gra;924415;924415;0.013541;1;1000
randomG4.gra;924415;924415;0.013676;1;1000
randomG4.gra;924415;924415;0.013405;1;1000
randomG4.gra;924415;924415;0.013426;1;1000
randomG4.gra;924415;924415;0.014409;1;1000
randomG4.gra;1036384;1036384;0.013605;1;1000
randomG4.gra;1036384;1036384;0.035392;10;10000
randomG4.gra;1036384;1036384;0.035524;10;10000
randomG4.gra;1036384;1036384;0.036154;10;10000
randomG4.gra;1036384;1036384;0.035632;10;10000
randomG4.gra;1036384;1036384;0.035334;10;10000
randomG4.gra;1036384;1036384;0.03515;10;10000
randomG4.gra;1036384;1036384;0.035409;10;10000
randomG4.gra;1036384;1036384;0.03516;10;10000
randomG4.gra;1036384;1036384;0.035177;10;10000
randomG4.gra;1036384;1036384;0.035118;10;10000
randomG4.gra;1036384;915208;0.252585;100;100000
randomG4.gra;1036384;915208;0.253169;100;100000
randomG4.gra;1036384;915208;0.252035;100;100000
randomG4.gra;1148801;882144;0.255265;100;100000
randomG4.gra;1148801;882144;0.271847;100;100000
randomG4.gra;1148801;882144;0.254641;100;100000
randomG4.gra;1148801;882144;0.252515;100;100000
randomG4.gra;1135054;886010;0.252724;100;100000
randomG4.gra;1135054;886010;0.255364;100;100000
randomG4.gra;1135054;886010;0.253108;100;100000
randomG4.gra;1135054;867023;2.42446;1000;1000000
randomG4.gra;1042905;861090;2.43195;1000;1000000
randomG4.gra;1145812;859389;2.42435;1000;1000000
randomG4.gra;1252847;867133;2.42149;1000;1000000
randomG4.gra;901968;847052;2.4188;1000;1000000
randomG4.gra;1206814;867819;2.4204;1000;1000000
randomG4.gra;997027;853761;2.42496;1000;1000000
randomG4.gra;880957;879766;2.41772;1000;1000000
randomG4.gra;934682;865407;2.42214;1000;1000000
randomG4.gra;895358;865322;2.41924;1000;1000000
small.gra;12;12;0.000179;1;5
small.gra;12;12;0.000166;1;5
small.gra;12;12;0.000165;1;5
small.gra;12;12;0.000177;1;5
small.gra;12;12;0.000174;1;5
small.gra;12;12;0.000166;1;5
small.gra;12;12;0.000199;1;5
small.gra;12;12;0.000185;1;5
small.gra;12;12;0.00017;1;5
small.gra;12;12;0.000167;1;5
small.gra;12;11;0.000497;10;50
small.gra;12;11;0.000487;10;50
small.gra;12;11;0.0005;10;50
small.gra;12;11;0.00053;10;50
small.gra;12;11;0.000488;10;50
small.gra;12;11;0.000484;10;50
small.gra;12;11;0.000468;10;50
small.gra;12;11;0.0006;10;50
small.gra;12;11;0.00059;10;50
small.gra;12;11;0.000568;10;50
small.gra;12;11;0.004066;100;500
small.gra;12;11;0.003738;100;500
small.gra;12;11;0.003675;100;500
small.gra;12;11;0.003681;100;500
small.gra;12;11;0.003574;100;500
small.gra;12;11;0.00366;100;500
small.gra;12;11;0.003563;100;500
small.gra;12;11;0.003598;100;500
small.gra;12;11;0.003684;100;500
small.gra;12;11;0.003632;100;500
small.gra;12;11;0.035984;1000;5000
small.gra;12;11;0.035801;1000;5000
small.gra;12;11;0.034031;1000;5000
small.gra;12;11;0.034539;1000;5000
small.gra;12;11;0.03373;1000;5000
small.gra;12;11;0.033696;1000;5000
small.gra;12;11;0.034262;1000;5000
small.gra;12;11;0.033908;1000;5000
small.gra;12;11;0.034922;1000;5000
small.gra;12;11;0.035871;1000;5000
whitaker3.gra;12354606;12354606;0.066282;1;9800
whitaker3.gra;12354606;12354606;0.065863;1;9800
whitaker3.gra;12354606;12354606;0.065587;1;9800
whitaker3.gra;12354606;12354606;0.065432;1;9800
whitaker3.gra;12354606;12354606;0.068558;1;9800
whitaker3.gra;12570387;12570387;0.068999;1;9800
whitaker3.gra;12570387;12570387;0.06982;1;9800
whitaker3.gra;12570387;12570387;0.068295;1;9800
whitaker3.gra;12570387;12570387;0.065191;1;9800
whitaker3.gra;12570387;12570387;0.065519;1;9800
whitaker3.gra;12570387;9996423;0.167678;10;98000
whitaker3.gra;12570387;9996423;0.169103;10;98000
whitaker3.gra;12570387;9996423;0.170896;10;98000
whitaker3.gra;12570387;9996423;0.169726;10;98000
whitaker3.gra;11327524;10252795;0.17074;10;98000
whitaker3.gra;11327524;10252795;0.170074;10;98000
whitaker3.gra;11327524;10252795;0.167848;10;98000
whitaker3.gra;11327524;10252795;0.168735;10;98000
whitaker3.gra;11327524;10252795;0.168214;10;98000
whitaker3.gra;11149538;9314223;0.170945;10;98000
whitaker3.gra;11149538;9286144;1.19047;100;980000
whitaker3.gra;12423915;9130663;1.20187;100;980000
whitaker3.gra;11799729;9296516;1.19334;100;980000
whitaker3.gra;11091288;9146244;1.2051;100;980000
whitaker3.gra;12841261;8874600;1.19404;100;980000
whitaker3.gra;12035419;9098364;1.19757;100;980000
whitaker3.gra;9292946;9292946;1.19543;100;980000
whitaker3.gra;11607366;8934306;1.19129;100;980000
whitaker3.gra;11450820;8999473;1.19191;100;980000
whitaker3.gra;10821915;9170103;1.19499;100;980000
whitaker3.gra;12513018;8927699;11.4562;1000;9800000
whitaker3.gra;10286983;8767405;12.0288;1000;9800000
whitaker3.gra;11184531;8967706;11.4147;1000;9800000
whitaker3.gra;11334639;8856186;11.4632;1000;9800000
whitaker3.gra;13110502;8886331;11.4291;1000;9800000
whitaker3.gra;11099523;8850980;11.4558;1000;9800000
whitaker3.gra;11668877;8786580;11.5397;1000;9800000
whitaker3.gra;10882083;8782763;11.415;1000;9800000
whitaker3.gra;12105670;8906758;11.4419;1000;9800000
whitaker3.gra;9877537;8838575;11.442;1000;9800000
