3elt.gra;3411134;3411134;0.03148;1;4720
airfoil1.gra;2431057;2431057;0.027826;1;4253
basic.gra;6;6;0.000178;1;4
bintree10.gra;196331;196331;0.00294;1;1023
c1y.gra;321113;321113;0.0043;1;828
c2y.gra;435521;435521;0.005126;1;980
c3y.gra;777551;777551;0.009262;1;1327
c4y.gra;765629;765629;0.007244;1;1366
c5y.gra;591702;591702;0.006291;1;1202
gd95c.gra;1476;1476;0.000478;1;62
gd96a.gra;330429;330429;0.005452;1;1096
gd96b.gra;1053;1053;0.000686;1;111
gd96c.gra;1092;1092;0.000549;1;65
gd96d.gra;6154;6154;0.000901;1;180
hc10.gra;488244;488244;0.011509;1;1024
mesh33x33.gra;88588;88588;0.006034;1;1089
randomA1.gra;1226913;1226913;0.009516;1;1000
randomA2.gra;1823792;1823792;0.03302;1;1000
randomA3.gra;1805991;1805991;0.061217;1;1000
randomA4.gra;1451013;1451013;0.013658;1;1000
randomG4.gra;1225068;1225068;0.013585;1;1000
small.gra;12;12;0.000191;1;5
whitaker3.gra;9240240;9240240;0.067343;1;9800
3elt.gra;3411134;3235525;0.081513;10;47200
airfoil1.gra;2431057;2243687;0.072757;10;42530
basic.gra;6;6;0.000485;10;40
bintree10.gra;196331;184703;0.006904;10;10230
c1y.gra;321113;303982;0.012374;10;8280
c2y.gra;435521;431049;0.016298;10;9800
c3y.gra;777551;740422;0.019751;10;13270
c4y.gra;765629;690404;0.021621;10;13660
c5y.gra;591702;578483;0.019175;10;12020
gd95c.gra;1476;1170;0.001385;10;620
gd96a.gra;330429;321963;0.01589;10;10960
gd96b.gra;1053;954;0.001617;10;1110
gd96c.gra;1092;1092;0.001343;10;650
gd96d.gra;6154;6115;0.002297;10;1800
hc10.gra;488244;470826;0.022628;10;10240
mesh33x33.gra;88588;61474;0.013149;10;10890
randomA1.gra;1226913;1216406;0.025591;10;10000
randomA2.gra;1823792;1586146;0.085143;10;10000
randomA3.gra;1805991;1699281;0.157863;10;10000
randomA4.gra;1410615;1410615;0.035456;10;10000
randomG4.gra;1159222;929963;0.03557;10;10000
small.gra;12;12;0.000509;10;50
whitaker3.gra;12507099;9091649;0.169061;10;98000
3elt.gra;3467372;3092154;0.581402;100;472000
airfoil1.gra;2084324;1911491;0.517648;100;425300
basic.gra;6;6;0.003628;100;400
bintree10.gra;196315;169073;0.047989;100;102300
c1y.gra;334048;303499;0.092998;100;82800
c2y.gra;442740;406285;0.106047;100;98000
c3y.gra;735016;682960;0.146441;100;132700
c4y.gra;766160;679166;0.15027;100;136600
c5y.gra;622973;579263;0.132489;100;120200
gd95c.gra;1362;1113;0.012192;100;6200
gd96a.gra;334583;311037;0.104194;100;109600
gd96b.gra;1179;842;0.01214;100;11100
gd96c.gra;1240;1076;0.013121;100;6500
gd96d.gra;6076;5618;0.017941;100;18000
hc10.gra;484680;470684;0.140057;100;102400
mesh33x33.gra;62690;58574;0.092731;100;108900
randomA1.gra;1340587;1169997;0.186159;100;100000
randomA2.gra;1744598;1592287;0.604469;100;100000
randomA3.gra;1838862;1645007;1.12688;100;100000
randomA4.gra;1472796;1356347;0.25737;100;100000
randomG4.gra;939158;893101;0.251855;100;100000
small.gra;12;11;0.003539;100;500
whitaker3.gra;10980468;8910244;1.19754;100;980000
3elt.gra;4050682;4050682;0.031119;1;4720
airfoil1.gra;2888611;2888611;0.027773;1;4253
basic.gra;6;6;0.000174;1;4
bintree10.gra;196311;196311;0.002933;1;1023
c1y.gra;321685;321685;0.004274;1;828
c2y.gra;428784;428784;0.005107;1;980
c3y.gra;750030;750030;0.008441;1;1327
c4y.gra;768271;768271;0.007671;1;1366
c5y.gra;631486;631486;0.006284;1;1202
gd95c.gra;1298;1298;0.000475;1;62
gd96a.gra;333010;333010;0.00454;1;1096
gd96b.gra;1086;1086;0.000588;1;111
gd96c.gra;1491;1491;0.000468;1;65
gd96d.gra;6858;6858;0.000779;1;180
hc10.gra;484756;484756;0.010318;1;1024
mesh33x33.gra;80987;80987;0.005605;1;1089
randomA1.gra;1256563;1256563;0.009564;1;1000
randomA2.gra;1721605;1721605;0.033959;1;1000
randomA3.gra;1746165;1746165;0.061399;1;1000
randomA4.gra;1522612;1522612;0.013729;1;1000
randomG4.gra;1126292;1126292;0.013566;1;1000
small.gra;12;12;0.000184;1;5
whitaker3.gra;12325003;12325003;0.065666;1;9800
3elt.gra;4050682;3404943;0.081659;10;47200
airfoil1.gra;2888611;2172010;0.072451;10;42530
basic.gra;6;6;0.000478;10;40
bintree10.gra;196311;169055;0.006901;10;10230
c1y.gra;321685;303756;0.012465;10;8280
c2y.gra;428784;427791;0.014255;10;9800
c3y.gra;750030;741066;0.021029;10;13270
c4y.gra;768271;744222;0.020204;10;13660
c5y.gra;631486;569898;0.018062;10;12020
gd95c.gra;1350;1258;0.00138;10;620
gd96a.gra;325694;317613;0.015492;10;10960
gd96b.gra;1386;1118;0.001671;10;1110
gd96c.gra;1477;1290;0.001327;10;650
gd96d.gra;8834;6142;0.002242;10;1800
hc10.gra;470524;470524;0.024929;10;10240
mesh33x33.gra;74404;64872;0.013107;10;10890
randomA1.gra;1368841;1223657;0.025484;10;10000
randomA2.gra;1717020;1625954;0.084791;10;10000
randomA3.gra;1706503;1694912;0.158078;10;10000
randomA4.gra;1515881;1392858;0.035644;10;10000
randomG4.gra;1069005;906921;0.035161;10;10000
small.gra;12;11;0.000525;10;50
whitaker3.gra;11835603;8878565;0.167617;10;98000
3elt.gra;4562092;3034991;0.579996;100;472000
airfoil1.gra;2325697;1978476;0.519068;100;425300
basic.gra;6;6;0.003601;100;400
bintree10.gra;196215;169041;0.047053;100;102300
c1y.gra;325277;298233;0.093015;100;82800
c2y.gra;438236;408673;0.105887;100;98000
c3y.gra;725325;708952;0.146658;100;132700
c4y.gra;786193;675899;0.149704;100;136600
c5y.gra;627180;575849;0.135631;100;120200
gd95c.gra;1348;1129;0.010363;100;6200
gd96a.gra;327434;317384;0.102062;100;109600
gd96b.gra;1412;802;0.0145;100;11100
gd96c.gra;1463;1125;0.009797;100;6500
gd96d.gra;6391;5474;0.018345;100;18000
hc10.gra;488616;470984;0.140134;100;102400
mesh33x33.gra;59722;58836;0.095363;100;108900
randomA1.gra;1272851;1171321;0.187016;100;100000
randomA2.gra;1771151;1585278;0.60813;100;100000
randomA3.gra;1789931;1666338;1.13443;100;100000
randomA4.gra;1595705;1349557;0.253802;100;100000
randomG4.gra;891197;891197;0.253382;100;100000
small.gra;12;11;0.003531;100;500
whitaker3.gra;11164364;8950224;1.19068;100;980000
3elt.gra;4442301;4442301;0.031466;1;4720
airfoil1.gra;3064155;3064155;0.027914;1;4253
basic.gra;6;6;0.00018;1;4
bintree10.gra;184695;184695;0.00298;1;1023
c1y.gra;340068;340068;0.004349;1;828
c2y.gra;443397;443397;0.005441;1;980
c3y.gra;760355;760355;0.008554;1;1327
c4y.gra;774602;774602;0.007263;1;1366
c5y.gra;625554;625554;0.00636;1;1202
gd95c.gra;1580;1580;0.000498;1;62
gd96a.gra;344923;344923;0.005431;1;1096
gd96b.gra;1465;1465;0.000878;1;111
gd96c.gra;1593;1593;0.000466;1;65
gd96d.gra;6560;6560;0.000754;1;180
hc10.gra;488406;488406;0.012077;1;1024
mesh33x33.gra;93086;93086;0.005102;1;1089
randomA1.gra;1268633;1268633;0.009561;1;1000
randomA2.gra;1664858;1664858;0.037302;1;1000
randomA3.gra;1754788;1754788;0.062118;1;1000
randomA4.gra;1568474;1568474;0.013733;1;1000
randomG4.gra;1118326;1118326;0.013484;1;1000
small.gra;13;13;0.000185;1;5
whitaker3.gra;9442961;9442961;0.066082;1;9800
3elt.gra;4442301;3186508;0.081178;10;47200
airfoil1.gra;2225422;1911026;0.074732;10;42530
basic.gra;6;6;0.000477;10;40
bintree10.gra;190747;169083;0.007207;10;10230
c1y.gra;322859;313499;0.012495;10;8280
c2y.gra;452296;425569;0.014171;10;9800
c3y.gra;759173;737535;0.021517;10;13270
c4y.gra;770152;722090;0.020272;10;13660
c5y.gra;618415;594778;0.017966;10;12020
gd95c.gra;1519;1234;0.001376;10;620
gd96a.gra;320976;320976;0.013387;10;10960
gd96b.gra;1123;900;0.001664;10;1110
gd96c.gra;1676;1285;0.001306;10;650
gd96d.gra;6785;6028;0.002302;10;1800
hc10.gra;488408;484694;0.021262;10;10240
mesh33x33.gra;64661;62506;0.013128;10;10890
randomA1.gra;1282683;1205623;0.026108;10;10000
randomA2.gra;1653771;1653771;0.084968;10;10000
randomA3.gra;1729022;1697831;0.156892;10;10000
randomA4.gra;1591063;1472600;0.035919;10;10000
randomG4.gra;1169049;855033;0.035243;10;10000
small.gra;13;11;0.000486;10;50
whitaker3.gra;11947795;9159858;0.168347;10;98000
3elt.gra;3262546;2910899;0.579523;100;472000
airfoil1.gra;2251088;1953875;0.516948;100;425300
basic.gra;6;6;0.003491;100;400
bintree10.gra;182371;169043;0.046809;100;102300
c1y.gra;334415;307964;0.092707;100;82800
c2y.gra;437718;404381;0.107322;100;98000
c3y.gra;742454;708820;0.147632;100;132700
c4y.gra;765847;694861;0.150023;100;136600
c5y.gra;634142;576190;0.13299;100;120200
gd95c.gra;1697;1143;0.010227;100;6200
gd96a.gra;332279;316340;0.102132;100;109600
gd96b.gra;876;876;0.011961;100;11100
gd96c.gra;1543;1106;0.009853;100;6500
gd96d.gra;5907;5569;0.017182;100;18000
hc10.gra;488170;470768;0.141126;100;102400
mesh33x33.gra;67506;58579;0.093099;100;108900
randomA1.gra;1247401;1177423;0.185674;100;100000
randomA2.gra;1717744;1601879;0.604586;100;100000
randomA3.gra;1711552;1628522;1.1254;100;100000
randomA4.gra;1520412;1394743;0.254646;100;100000
randomG4.gra;1149504;893490;0.25363;100;100000
small.gra;13;11;0.003451;100;500
whitaker3.gra;11747148;9308744;1.19309;100;980000
3elt.gra;3561909;3561909;0.032198;1;4720
airfoil1.gra;2282302;2282302;0.028495;1;4253
basic.gra;6;6;0.000179;1;4
bintree10.gra;195735;195735;0.002919;1;1023
c1y.gra;330920;330920;0.004314;1;828
c2y.gra;427866;427866;0.005086;1;980
c3y.gra;787323;787323;0.007079;1;1327
c4y.gra;768307;768307;0.007305;1;1366
c5y.gra;645434;645434;0.006338;1;1202
gd95c.gra;1355;1355;0.000514;1;62
gd96a.gra;343483;343483;0.004593;1;1096
gd96b.gra;1243;1243;0.000616;1;111
gd96c.gra;1347;1347;0.000475;1;65
gd96d.gra;6895;6895;0.000763;1;180
hc10.gra;471376;471376;0.009416;1;1024
mesh33x33.gra;76932;76932;0.00588;1;1089
randomA1.gra;1329805;1329805;0.010299;1;1000
randomA2.gra;1710545;1710545;0.033049;1;1000
randomA3.gra;1741712;1741712;0.061115;1;1000
randomA4.gra;1551938;1551938;0.013718;1;1000
randomG4.gra;1232146;1232146;0.013687;1;1000
small.gra;12;12;0.00019;1;5
whitaker3.gra;13068511;13068511;0.067341;1;9800
3elt.gra;3628710;3443115;0.081505;10;47200
airfoil1.gra;3119454;2146600;0.07439;10;42530
basic.gra;6;6;0.000468;10;40
bintree10.gra;196115;182333;0.006935;10;10230
c1y.gra;315668;314876;0.01239;10;8280
c2y.gra;442339;408242;0.014375;10;9800
c3y.gra;773299;739331;0.01978;10;13270
c4y.gra;731457;731457;0.020275;10;13660
c5y.gra;617208;590894;0.017855;10;12020
gd95c.gra;1386;1169;0.001408;10;620
gd96a.gra;330770;317258;0.01342;10;10960
gd96b.gra;2253;1106;0.001599;10;1110
gd96c.gra;1619;1160;0.001329;10;650
gd96d.gra;6313;5713;0.002172;10;1800
hc10.gra;503048;471322;0.021304;10;10240
mesh33x33.gra;101237;60467;0.013068;10;10890
randomA1.gra;1329805;1215575;0.025729;10;10000
randomA2.gra;1710545;1570516;0.085831;10;10000
randomA3.gra;1741712;1698817;0.158395;10;10000
randomA4.gra;1551938;1377093;0.035898;10;10000
randomG4.gra;1232146;1019861;0.035569;10;10000
small.gra;12;11;0.000515;10;50
whitaker3.gra;13068511;9479001;0.169169;10;98000
3elt.gra;4700972;3141983;0.582083;100;472000
airfoil1.gra;2851357;1915013;0.517536;100;425300
basic.gra;6;6;0.003657;100;400
bintree10.gra;195751;169087;0.04681;100;102300
c1y.gra;310371;308375;0.092731;100;82800
c2y.gra;433831;405241;0.106059;100;98000
c3y.gra;758814;704460;0.147027;100;132700
c4y.gra;740414;690172;0.149445;100;136600
c5y.gra;635797;584117;0.135063;100;120200
gd95c.gra;1481;1135;0.010234;100;6200
gd96a.gra;340503;311764;0.102294;100;109600
gd96b.gra;965;935;0.012215;100;11100
gd96c.gra;1547;1073;0.009839;100;6500
gd96d.gra;6816;5572;0.017333;100;18000
hc10.gra;503064;470686;0.140615;100;102400
mesh33x33.gra;68570;58448;0.092951;100;108900
randomA1.gra;1226176;1198502;0.185755;100;100000
randomA2.gra;1700329;1615766;0.609632;100;100000
randomA3.gra;1782193;1653354;1.12856;100;100000
randomA4.gra;1530003;1342582;0.257097;100;100000
randomG4.gra;1124713;902814;0.252594;100;100000
small.gra;13;11;0.003738;100;500
whitaker3.gra;12782615;8963706;1.195;100;980000
3elt.gra;3445665;3445665;0.03105;1;4720
airfoil1.gra;2525587;2525587;0.028259;1;4253
basic.gra;6;6;0.000179;1;4
bintree10.gra;195727;195727;0.002982;1;1023
c1y.gra;335603;335603;0.004362;1;828
c2y.gra;449846;449846;0.00512;1;980
c3y.gra;775980;775980;0.007002;1;1327
c4y.gra;721029;721029;0.007163;1;1366
c5y.gra;624178;624178;0.006397;1;1202
gd95c.gra;1267;1267;0.000482;1;62
gd96a.gra;332279;332279;0.004526;1;1096
gd96b.gra;1234;1234;0.000582;1;111
gd96c.gra;1452;1452;0.000903;1;65
gd96d.gra;9021;9021;0.000855;1;180
hc10.gra;514400;514400;0.010647;1;1024
mesh33x33.gra;90557;90557;0.006395;1;1089
randomA1.gra;1271198;1271198;0.010572;1;1000
randomA2.gra;1698310;1698310;0.032562;1;1000
randomA3.gra;1810902;1810902;0.060513;1;1000
randomA4.gra;1613617;1613617;0.01376;1;1000
randomG4.gra;1072005;1072005;0.016695;1;1000
small.gra;13;11;0.000187;1;5
whitaker3.gra;10726116;10726116;0.066038;1;9800
3elt.gra;3445665;3430412;0.081032;10;47200
airfoil1.gra;2525587;2018742;0.07248;10;42530
basic.gra;6;6;0.000474;10;40
bintree10.gra;195727;180043;0.006916;10;10230
c1y.gra;335603;302202;0.014568;10;8280
c2y.gra;449846;423028;0.014449;10;9800
c3y.gra;775980;745653;0.01987;10;13270
c4y.gra;721029;721029;0.020176;10;13660
c5y.gra;624178;571379;0.018026;10;12020
gd95c.gra;1267;1238;0.00137;10;620
gd96a.gra;332279;324270;0.014832;10;10960
gd96b.gra;1234;918;0.001663;10;1110
gd96c.gra;1452;1132;0.001298;10;650
gd96d.gra;9021;5914;0.002619;10;1800
hc10.gra;514400;471104;0.02127;10;10240
mesh33x33.gra;90557;59738;0.013028;10;10890
randomA1.gra;1271198;1251143;0.025692;10;10000
randomA2.gra;1698310;1625247;0.084885;10;10000
randomA3.gra;1791824;1673931;0.158564;10;10000
randomA4.gra;1660882;1448071;0.037551;10;10000
randomG4.gra;1254879;1014491;0.035482;10;10000
small.gra;13;11;0.000483;10;50
whitaker3.gra;11449054;9978039;0.170424;10;98000
3elt.gra;4202956;3023669;0.58013;100;472000
airfoil1.gra;2107637;1980564;0.516162;100;425300
basic.gra;6;6;0.003342;100;400
bintree10.gra;185816;169043;0.048839;100;102300
c1y.gra;306736;301199;0.092814;100;82800
c2y.gra;409218;409218;0.105911;100;98000
c3y.gra;772772;692740;0.146628;100;132700
c4y.gra;784073;680811;0.149604;100;136600
c5y.gra;628016;561961;0.133457;100;120200
gd95c.gra;1280;1050;0.010308;100;6200
gd96a.gra;317037;313480;0.102573;100;109600
gd96b.gra;1332;854;0.014654;100;11100
gd96c.gra;1189;1122;0.009799;100;6500
gd96d.gra;6774;5441;0.017134;100;18000
hc10.gra;488428;470546;0.141194;100;102400
mesh33x33.gra;104239;58587;0.092352;100;108900
randomA1.gra;1357833;1154709;0.185087;100;100000
randomA2.gra;1744186;1582055;0.605524;100;100000
randomA3.gra;1730633;1652806;1.12793;100;100000
randomA4.gra;1404968;1378625;0.255482;100;100000
randomG4.gra;1044309;858815;0.251062;100;100000
small.gra;14;11;0.003643;100;500
whitaker3.gra;11485306;9207078;1.19132;100;980000
3elt.gra;3608234;3608234;0.031469;1;4720
airfoil1.gra;2801831;2801831;0.028201;1;4253
basic.gra;6;6;0.000176;1;4
bintree10.gra;191035;191035;0.002987;1;1023
c1y.gra;330202;330202;0.004408;1;828
c2y.gra;447739;447739;0.005131;1;980
c3y.gra;785187;785187;0.006983;1;1327
c4y.gra;758855;758855;0.007202;1;1366
c5y.gra;627959;627959;0.00656;1;1202
gd95c.gra;1611;1611;0.000486;1;62
gd96a.gra;338762;338762;0.004534;1;1096
gd96b.gra;1088;1088;0.001092;1;111
gd96c.gra;1628;1628;0.000558;1;65
gd96d.gra;6528;6528;0.000899;1;180
hc10.gra;488144;488144;0.011282;1;1024
mesh33x33.gra;97194;97194;0.005119;1;1089
randomA1.gra;1316195;1316195;0.009693;1;1000
randomA2.gra;1868291;1868291;0.032761;1;1000
randomA3.gra;1736193;1736193;0.065334;1;1000
randomA4.gra;1833145;1833145;0.016028;1;1000
randomG4.gra;1106737;1106737;0.01766;1;1000
small.gra;13;11;0.000193;1;5
whitaker3.gra;12192477;12192477;0.066175;1;9800
3elt.gra;3608234;3257921;0.081396;10;47200
airfoil1.gra;2801831;2289196;0.073858;10;42530
basic.gra;6;6;0.000485;10;40
bintree10.gra;191035;169051;0.006919;10;10230
c1y.gra;330202;318801;0.014587;10;8280
c2y.gra;447739;419600;0.014378;10;9800
c3y.gra;785187;744027;0.019883;10;13270
c4y.gra;758855;701549;0.020228;10;13660
c5y.gra;627959;619849;0.018071;10;12020
gd95c.gra;1542;1286;0.001404;10;620
gd96a.gra;327219;325292;0.013502;10;10960
gd96b.gra;1745;1037;0.001684;10;1110
gd96c.gra;1174;1125;0.001287;10;650
gd96d.gra;8858;5791;0.002186;10;1800
hc10.gra;514406;471464;0.023647;10;10240
mesh33x33.gra;79703;63211;0.013156;10;10890
randomA1.gra;1312307;1207058;0.025506;10;10000
randomA2.gra;1758944;1642891;0.084591;10;10000
randomA3.gra;1798046;1694105;0.158751;10;10000
randomA4.gra;1440782;1382735;0.035499;10;10000
randomG4.gra;1118643;916852;0.035757;10;10000
small.gra;13;11;0.0005;10;50
whitaker3.gra;12664134;9354985;0.16857;10;98000
3elt.gra;4324916;3086513;0.580522;100;472000
airfoil1.gra;2157130;1946658;0.519305;100;425300
basic.gra;6;6;0.003493;100;400
bintree10.gra;192765;169043;0.046739;100;102300
c1y.gra;322041;299779;0.092897;100;82800
c2y.gra;435660;415551;0.105864;100;98000
c3y.gra;763997;716004;0.145795;100;132700
c4y.gra;724107;703270;0.150632;100;136600
c5y.gra;595967;556235;0.135836;100;120200
gd95c.gra;1963;1130;0.010352;100;6200
gd96a.gra;338249;308708;0.103134;100;109600
gd96b.gra;1119;867;0.012194;100;11100
gd96c.gra;1133;1108;0.009963;100;6500
gd96d.gra;6246;5321;0.017179;100;18000
hc10.gra;471420;470458;0.140905;100;102400
mesh33x33.gra;99492;60164;0.092871;100;108900
randomA1.gra;1297656;1160701;0.189093;100;100000
randomA2.gra;1740986;1585733;0.604932;100;100000
randomA3.gra;1683724;1627005;1.12572;100;100000
randomA4.gra;1696773;1384947;0.255016;100;100000
randomG4.gra;1083508;896303;0.254914;100;100000
small.gra;13;11;0.00356;100;500
whitaker3.gra;9760586;9002287;1.19431;100;980000
3elt.gra;4684678;4684678;0.031766;1;4720
airfoil1.gra;2073727;2073727;0.027891;1;4253
basic.gra;6;6;0.000179;1;4
bintree10.gra;193185;193185;0.002995;1;1023
c1y.gra;328195;328195;0.004295;1;828
c2y.gra;432955;432955;0.005141;1;980
c3y.gra;770769;770769;0.007082;1;1327
c4y.gra;723797;723797;0.007188;1;1366
c5y.gra;644965;644965;0.006334;1;1202
gd95c.gra;1597;1597;0.000497;1;62
gd96a.gra;321828;321828;0.005597;1;1096
gd96b.gra;1165;1165;0.000882;1;111
gd96c.gra;1620;1620;0.000476;1;65
gd96d.gra;6750;6750;0.000749;1;180
hc10.gra;470676;470676;0.013388;1;1024
mesh33x33.gra;63511;63511;0.005071;1;1089
randomA1.gra;1318882;1318882;0.00953;1;1000
randomA2.gra;1620028;1620028;0.032908;1;1000
randomA3.gra;1756746;1756746;0.062005;1;1000
randomA4.gra;1649445;1649445;0.015197;1;1000
randomG4.gra;1258647;1258647;0.014883;1;1000
small.gra;12;12;0.000216;1;5
whitaker3.gra;11853237;11853237;0.065673;1;9800
3elt.gra;4700377;3521914;0.081855;10;47200
airfoil1.gra;2131019;2131019;0.072419;10;42530
basic.gra;6;6;0.000476;10;40
bintree10.gra;192741;179997;0.007926;10;10230
c1y.gra;313368;312669;0.01233;10;8280
c2y.gra;445050;434174;0.014214;10;9800
c3y.gra;783568;707708;0.01988;10;13270
c4y.gra;759792;672654;0.020245;10;13660
c5y.gra;606971;567166;0.017849;10;12020
gd95c.gra;1321;1310;0.001387;10;620
gd96a.gra;330350;322732;0.015295;10;10960
gd96b.gra;2227;895;0.001564;10;1110
gd96c.gra;1182;1182;0.001314;10;650
gd96d.gra;9095;5888;0.002522;10;1800
hc10.gra;470730;470730;0.022462;10;10240
mesh33x33.gra;65299;62317;0.013175;10;10890
randomA1.gra;1276908;1218017;0.025466;10;10000
randomA2.gra;1716767;1663179;0.084972;10;10000
randomA3.gra;1788619;1687339;0.159947;10;10000
randomA4.gra;1401738;1384058;0.035734;10;10000
randomG4.gra;970655;899440;0.035468;10;10000
small.gra;12;11;0.000514;10;50
whitaker3.gra;10578031;10578031;0.168574;10;98000
3elt.gra;4700377;2953457;0.581147;100;472000
airfoil1.gra;2444772;2017998;0.516635;100;425300
basic.gra;6;6;0.003372;100;400
bintree10.gra;195631;169043;0.046924;100;102300
c1y.gra;318701;302985;0.09284;100;82800
c2y.gra;447544;402984;0.105859;100;98000
c3y.gra;767308;699006;0.146699;100;132700
c4y.gra;754167;675548;0.149317;100;136600
c5y.gra;629823;568727;0.134266;100;120200
gd95c.gra;1627;1075;0.010164;100;6200
gd96a.gra;332530;310104;0.102052;100;109600
gd96b.gra;1641;878;0.011904;100;11100
gd96c.gra;1502;1100;0.009846;100;6500
gd96d.gra;8746;5586;0.016952;100;18000
hc10.gra;503062;470864;0.140485;100;102400
mesh33x33.gra;94180;58524;0.096063;100;108900
randomA1.gra;1351873;1186672;0.186214;100;100000
randomA2.gra;1655315;1572839;0.608497;100;100000
randomA3.gra;1778408;1662366;1.1272;100;100000
randomA4.gra;1520898;1366303;0.25734;100;100000
randomG4.gra;1248998;875187;0.253125;100;100000
small.gra;13;11;0.003501;100;500
whitaker3.gra;11522218;9042270;1.19563;100;980000
3elt.gra;4095275;4095275;0.031235;1;4720
airfoil1.gra;2469724;2469724;0.028164;1;4253
basic.gra;6;6;0.000178;1;4
bintree10.gra;192711;192711;0.002975;1;1023
c1y.gra;330145;330145;0.004319;1;828
c2y.gra;446686;446686;0.005089;1;980
c3y.gra;770468;770468;0.007045;1;1327
c4y.gra;774165;774165;0.007162;1;1366
c5y.gra;586927;586927;0.006326;1;1202
gd95c.gra;1307;1307;0.000484;1;62
gd96a.gra;321933;321933;0.0045;1;1096
gd96b.gra;1435;1435;0.000743;1;111
gd96c.gra;1623;1623;0.000457;1;65
gd96d.gra;9060;9060;0.00072;1;180
hc10.gra;499296;499296;0.010273;1;1024
mesh33x33.gra;64102;64102;0.005473;1;1089
randomA1.gra;1325268;1325268;0.009498;1;1000
randomA2.gra;1840139;1840139;0.032679;1;1000
randomA3.gra;1652809;1652809;0.061909;1;1000
randomA4.gra;1548269;1548269;0.013638;1;1000
randomG4.gra;956324;956324;0.016589;1;1000
small.gra;12;12;0.000208;1;5
whitaker3.gra;11917841;11917841;0.065937;1;9800
3elt.gra;5042416;2957604;0.081321;10;47200
airfoil1.gra;2724397;2004739;0.07319;10;42530
basic.gra;6;6;0.000481;10;40
bintree10.gra;193157;169047;0.006962;10;10230
c1y.gra;333877;306276;0.014565;10;8280
c2y.gra;442742;425223;0.014737;10;9800
c3y.gra;775973;759745;0.019809;10;13270
c4y.gra;774803;724577;0.020183;10;13660
c5y.gra;626829;598411;0.017846;10;12020
gd95c.gra;1307;1080;0.001372;10;620
gd96a.gra;321933;321933;0.015494;10;10960
gd96b.gra;1435;890;0.001623;10;1110
gd96c.gra;1623;1075;0.001281;10;650
gd96d.gra;9060;6108;0.002281;10;1800
hc10.gra;499296;484500;0.023497;10;10240
mesh33x33.gra;64102;61622;0.01305;10;10890
randomA1.gra;1325268;1237660;0.025488;10;10000
randomA2.gra;1840139;1632761;0.084806;10;10000
randomA3.gra;1652809;1652809;0.159818;10;10000
randomA4.gra;1548269;1445544;0.035245;10;10000
randomG4.gra;956324;938705;0.035553;10;10000
small.gra;12;11;0.000518;10;50
whitaker3.gra;13107283;9425081;0.167809;10;98000
3elt.gra;4221072;2954734;0.579253;100;472000
airfoil1.gra;2532422;1907120;0.521277;100;425300
basic.gra;6;6;0.003485;100;400
bintree10.gra;189899;169053;0.046813;100;102300
c1y.gra;313268;302719;0.092802;100;82800
c2y.gra;438825;397324;0.113636;100;98000
c3y.gra;777887;704912;0.146595;100;132700
c4y.gra;771900;678063;0.151628;100;136600
c5y.gra;619983;580013;0.134972;100;120200
gd95c.gra;1386;1090;0.011724;100;6200
gd96a.gra;330051;317800;0.102131;100;109600
gd96b.gra;1284;911;0.011991;100;11100
gd96c.gra;1543;1075;0.009965;100;6500
gd96d.gra;6968;5511;0.017151;100;18000
hc10.gra;514406;470882;0.140622;100;102400
mesh33x33.gra;61818;59896;0.092898;100;108900
randomA1.gra;1270024;1183265;0.18571;100;100000
randomA2.gra;1711443;1574297;0.605372;100;100000
randomA3.gra;1721691;1646349;1.12738;100;100000
randomA4.gra;1466950;1413112;0.255418;100;100000
randomG4.gra;998550;880939;0.252073;100;100000
small.gra;13;11;0.003653;100;500
whitaker3.gra;12669994;9332198;1.19455;100;980000
3elt.gra;3224344;3224344;0.031327;1;4720
airfoil1.gra;2860231;2860231;0.027979;1;4253
basic.gra;6;6;0.000186;1;4
bintree10.gra;182373;182373;0.002977;1;1023
c1y.gra;326900;326900;0.004324;1;828
c2y.gra;451077;451077;0.005072;1;980
c3y.gra;790717;790717;0.007033;1;1327
c4y.gra;739969;739969;0.007263;1;1366
c5y.gra;629213;629213;0.006337;1;1202
gd95c.gra;1742;1742;0.000478;1;62
gd96a.gra;328876;328876;0.004521;1;1096
gd96b.gra;1455;1455;0.000579;1;111
gd96c.gra;1161;1161;0.000451;1;65
gd96d.gra;6429;6429;0.000763;1;180
hc10.gra;503044;503044;0.010605;1;1024
mesh33x33.gra;66386;66386;0.005114;1;1089
randomA1.gra;1341908;1341908;0.009464;1;1000
randomA2.gra;1861188;1861188;0.033513;1;1000
randomA3.gra;1725847;1725847;0.06215;1;1000
randomA4.gra;1658468;1658468;0.013784;1;1000
randomG4.gra;1111532;1111532;0.016242;1;1000
small.gra;14;14;0.000187;1;5
whitaker3.gra;11846683;11846683;0.066658;1;9800
3elt.gra;3224344;3224344;0.081483;10;47200
airfoil1.gra;2860231;2019487;0.072186;10;42530
basic.gra;6;6;0.000477;10;40
bintree10.gra;182373;169043;0.008474;10;10230
c1y.gra;326900;312387;0.015827;10;8280
c2y.gra;451077;429444;0.014207;10;9800
c3y.gra;790717;754005;0.020501;10;13270
c4y.gra;739969;721401;0.020098;10;13660
c5y.gra;629213;582041;0.017877;10;12020
gd95c.gra;1742;1246;0.001353;10;620
gd96a.gra;328876;318033;0.014748;10;10960
gd96b.gra;1455;1058;0.001666;10;1110
gd96c.gra;1161;1161;0.001337;10;650
gd96d.gra;6429;5902;0.002783;10;1800
hc10.gra;503044;470936;0.023929;10;10240
mesh33x33.gra;66386;60536;0.014518;10;10890
randomA1.gra;1341908;1243069;0.025887;10;10000
randomA2.gra;1861188;1631206;0.08493;10;10000
randomA3.gra;1787126;1647217;0.157335;10;10000
randomA4.gra;1518667;1442764;0.039888;10;10000
randomG4.gra;1235945;937234;0.035249;10;10000
small.gra;13;11;0.000486;10;50
whitaker3.gra;12922649;11328578;0.16781;10;98000
3elt.gra;5375545;2980547;0.581806;100;472000
airfoil1.gra;3293334;1986070;0.516328;100;425300
basic.gra;6;6;0.003597;100;400
bintree10.gra;196039;169049;0.046844;100;102300
c1y.gra;311812;305718;0.092513;100;82800
c2y.gra;438375;410149;0.108079;100;98000
c3y.gra;773938;719715;0.146933;100;132700
c4y.gra;778176;704875;0.149764;100;136600
c5y.gra;630863;559825;0.133046;100;120200
gd95c.gra;1529;1130;0.010286;100;6200
gd96a.gra;332955;311756;0.102314;100;109600
gd96b.gra;1438;884;0.011975;100;11100
gd96c.gra;1112;1091;0.009781;100;6500
gd96d.gra;6484;5649;0.017347;100;18000
hc10.gra;471394;470662;0.140276;100;102400
mesh33x33.gra;91668;58207;0.095554;100;108900
randomA1.gra;1292001;1197919;0.188383;100;100000
randomA2.gra;1719823;1568680;0.608688;100;100000
randomA3.gra;1746657;1660260;1.12723;100;100000
randomA4.gra;1572533;1399934;0.257659;100;100000
randomG4.gra;1102933;905096;0.254848;100;100000
small.gra;14;11;0.003462;100;500
whitaker3.gra;11229878;8943972;1.19182;100;980000
3elt.gra;3726151;3726151;0.031386;1;4720
airfoil1.gra;2183991;2183991;0.028223;1;4253
basic.gra;6;6;0.000176;1;4
bintree10.gra;193049;193049;0.002989;1;1023
c1y.gra;328354;328354;0.004317;1;828
c2y.gra;451024;451024;0.005127;1;980
c3y.gra;753287;753287;0.007101;1;1327
c4y.gra;723929;723929;0.007182;1;1366
c5y.gra;622631;622631;0.006282;1;1202
gd95c.gra;1397;1397;0.000479;1;62
gd96a.gra;330736;330736;0.004541;1;1096
gd96b.gra;1357;1357;0.00058;1;111
gd96c.gra;1139;1139;0.000458;1;65
gd96d.gra;6326;6326;0.000915;1;180
hc10.gra;488586;488586;0.011116;1;1024
mesh33x33.gra;79412;79412;0.005155;1;1089
randomA1.gra;1245528;1245528;0.009479;1;1000
randomA2.gra;1750506;1750506;0.033072;1;1000
randomA3.gra;1812931;1812931;0.062801;1;1000
randomA4.gra;1554167;1554167;0.015115;1;1000
randomG4.gra;1217054;1217054;0.017585;1;1000
small.gra;12;12;0.000183;1;5
whitaker3.gra;12677111;12677111;0.06545;1;9800
3elt.gra;3726151;3294477;0.081589;10;47200
airfoil1.gra;2183991;1990407;0.07274;10;42530
basic.gra;6;6;0.000466;10;40
bintree10.gra;193049;169179;0.006932;10;10230
c1y.gra;328354;309172;0.012388;10;8280
c2y.gra;451024;418926;0.014182;10;9800
c3y.gra;753287;729489;0.019807;10;13270
c4y.gra;720933;691774;0.020169;10;13660
c5y.gra;602364;589352;0.018018;10;12020
gd95c.gra;1684;1254;0.001356;10;620
gd96a.gra;327340;321141;0.013519;10;10960
gd96b.gra;2229;873;0.001595;10;1110
gd96c.gra;1531;1140;0.001514;10;650
gd96d.gra;6116;5916;0.002699;10;1800
hc10.gra;488460;471144;0.021367;10;10240
mesh33x33.gra;61474;60515;0.014492;10;10890
randomA1.gra;1262440;1173520;0.025532;10;10000
randomA2.gra;1812924;1648142;0.084713;10;10000
randomA3.gra;1759539;1708971;0.160957;10;10000
randomA4.gra;1488154;1406737;0.035081;10;10000
randomG4.gra;985528;975668;0.035359;10;10000
small.gra;12;11;0.000483;10;50
whitaker3.gra;11470776;10196659;0.168109;10;98000
3elt.gra;4673591;3019309;0.584893;100;472000
airfoil1.gra;1978123;1958333;0.517054;100;425300
basic.gra;6;6;0.003613;100;400
bintree10.gra;195627;169073;0.047169;100;102300
c1y.gra;317478;301802;0.093221;100;82800
c2y.gra;442899;406867;0.105528;100;98000
c3y.gra;766254;705340;0.146209;100;132700
c4y.gra;739837;672184;0.15106;100;136600
c5y.gra;592523;563626;0.134328;100;120200
gd95c.gra;1383;1166;0.0104;100;6200
gd96a.gra;327329;319377;0.102346;100;109600
gd96b.gra;1509;866;0.013974;100;11100
gd96c.gra;1534;1080;0.009746;100;6500
gd96d.gra;6199;5666;0.017028;100;18000
hc10.gra;488574;470706;0.140109;100;102400
mesh33x33.gra;88420;58746;0.097101;100;108900
randomA1.gra;1326037;1180678;0.188052;100;100000
randomA2.gra;1734910;1611149;0.610248;100;100000
randomA3.gra;1702950;1653228;1.12463;100;100000
randomA4.gra;1436834;1353225;0.254319;100;100000
randomG4.gra;1248560;890783;0.254395;100;100000
small.gra;12;11;0.003559;100;500
whitaker3.gra;11749619;9134693;1.19405;100;980000
